64 95.31 133.53 0
64 100 110.39 0
64 95.31 97.73 0
64 100 100.02 0
64 96.88 107.58 0
64 95.31 100.03 0
64 98.44 99.69 0
64 90.63 100.47 0
64 98.44 97.2 0
64 92.19 98.88 0
64 95.31 103.09 0
64 100 102.05 0
64 98.44 94.08 0
64 95.31 93.02 0
64 98.44 98.28 0
64 96.88 96.97 0
64 95.31 96.78 0
64 98.44 107.7 0
64 96.88 99.56 0
65 96.92 97.12 0
65 100 99.18 0
65 98.46 99.83 0
65 95.38 106.57 0
65 98.46 104.65 0
65 96.92 104 0
35 85.71 99.86 1
36 88.89 101.89 1
36 88.89 112.83 1
36 88.89 102.92 1
36 86.11 109.69 1
37 89.19 125.89 1
37 86.49 98.92 1
37 86.49 107.65 1
37 89.19 101.59 1
37 86.49 98.24 1
37 89.19 105.03 1
37 89.19 128.57 1
37 86.49 126.62 1
38 89.47 114.18 1
38 89.47 103.76 1
38 89.47 127.26 1
38 86.84 101.82 1
38 89.47 134.05 1
38 86.84 106.13 1
38 86.84 102 1
38 89.47 136.16 1
38 89.47 106.16 1
39 89.74 103.36 1
39 87.18 106.97 1
39 89.74 101.77 1
13 84.62 93.46 2
13 84.62 103.15 2
13 84.62 106.15 2
13 84.62 109.15 2
13 84.62 130 2
13 84.62 104.46 2
13 84.62 101.23 2
13 84.62 110.62 2
13 84.62 135.23 2
13 84.62 92.69 2
13 84.62 107.23 2
17 82.35 106 2
13 84.62 109.08 2
15 80 92.6 2
15 80 96.47 2
17 82.35 101.06 2
15 80 110.33 2
15 80 102.2 2
16 81.25 98.13 2
16 81.25 96.63 2
16 81.25 101.06 2
16 81.25 103.31 2
16 81.25 135.69 2
16 81.25 102.94 2
16 81.25 100.94 2
14 64.29 100.5 3
8 75 106 3
8 75 93.25 3
9 77.78 104.44 3
9 77.78 100.78 3
9 77.78 99.44 3
14 78.57 110.71 3
9 77.78 105.56 3
9 77.78 132.67 3
9 77.78 104.33 3
9 77.78 130.44 3
9 77.78 100.33 3
9 77.78 128.56 3
10 60 123.3 3
11 72.73 132.18 3
11 72.73 94.18 3
11 72.73 110.27 3
12 75 100.25 3
12 75 121.83 3
12 75 95.75 3
13 76.92 98.92 3
13 76.92 101.46 3
13 76.92 98.46 3
14 78.57 99.43 3
14 71.43 101.43 3
86 98.84 114.59 0
86 95.35 89.1 0
86 98.84 108.48 0
753 95.48 142.33 0
86 93.02 98.81 0
86 94.19 93.1 0
753 94.69 133.34 0
86 98.84 95.41 0
86 97.67 264.79 0
86 97.67 106.6 0
86 98.84 114.53 0
86 90.7 93.01 0
86 95.35 97.56 0
86 96.51 91.48 0
86 97.67 94.56 0
86 98.84 97.06 0
86 98.84 96.06 0
86 96.51 93.08 0
86 95.35 92.57 0
86 94.19 102.02 0
86 96.51 101.72 0
86 97.67 89.86 0
86 97.67 92.4 0
86 93.02 95.44 0
87 93.1 93.98 0
66 89.39 96.71 1
67 89.55 106.61 1
15 86.67 110.67 1
68 86.76 103.29 1
68 89.71 105.72 1
68 89.71 94.22 1
68 89.71 96.99 1
68 89.71 108.57 1
15 86.67 100.93 1
15 86.67 111.67 1
70 87.14 98.19 1
72 88.89 103.97 1
72 87.5 90.85 1
15 86.67 102.13 1
73 87.67 124.77 1
74 89.19 133.93 1
74 89.19 98.93 1
74 86.49 91.49 1
75 89.33 102.71 1
76 89.47 104.45 1
77 89.61 94.08 1
79 89.87 119.06 1
82 89.02 103.04 1
83 87.95 97.18 1
85 89.41 127.47 1
13 84.62 99.31 2
20 85 104.1 2
18 83.33 90.83 2
22 81.82 98.32 2
25 80 107.28 2
16 81.25 121 2
25 84 103 2
33 84.85 100.55 2
11 81.82 101.09 2
19 84.21 105.05 2
12 83.33 94.67 2
20 85 101 2
13 84.62 95.08 2
15 80 99.73 2
25 84 120.32 2
28 82.14 167.61 2
13 84.62 99.23 2
16 81.25 112.38 2
16 81.25 102.56 2
10 80 101.7 2
10 80 100.4 2
13 84.62 106.92 2
20 80 94.55 2
24 83.33 98.79 2
27 81.48 99.33 2
8 75 111.38 3
12 75 88.42 3
8 75 116.75 3
5 60 101.4 3
12 66.67 103 3
12 75 89.33 3
9 77.78 122.89 3
9 77.78 114.56 3
9 77.78 95.89 3
4 75 99 3
10 70 103.8 3
11 72.73 95.91 3
12 75 109.25 3
12 66.67 99.25 3
9 77.78 104.56 3
13 76.92 101.69 3
2 50 102 3
4 75 100.5 3
6 50 100.5 3
12 75 105.33 3
2 50 100 3
12 75 104.33 3
9 77.78 93.78 3
12 66.67 98.25 3
8 75 85.63 3
214 95.79 99.38 0
214 96.26 97.28 0
214 95.33 96.04 0
214 96.26 101.47 0
214 96.73 95.64 0
215 96.74 94.84 0
214 95.33 126.4 0
214 96.26 92.81 0
214 93.93 85.17 0
214 95.79 274.77 0
214 94.86 92.49 0
214 96.73 93.9 0
214 93.93 124.47 0
214 97.2 87.71 0
214 95.79 99.6 0
214 97.2 97.58 0
214 96.73 105.59 0
214 93.93 101.57 0
215 99.07 92.81 0
215 97.67 103.27 0
215 95.81 93.47 0
215 99.53 96.19 0
215 93.02 88.24 0
215 93.02 100.35 0
215 95.35 99.77 0
45 88.89 111.98 1
39 87.18 100.18 1
39 87.18 99.62 1
39 87.18 131.13 1
40 85 133.3 1
40 87.5 101.73 1
40 85 97.93 1
40 87.5 101.28 1
40 87.5 100.53 1
41 87.8 97.93 1
41 87.8 98.85 1
41 87.8 116.76 1
41 87.8 111.37 1
41 87.8 106.29 1
41 85.37 97.41 1
41 87.8 93.24 1
42 88.1 87.48 1
42 88.1 133.74 1
42 85.71 114.88 1
42 85.71 90.12 1
42 88.1 95.14 1
42 88.1 99.81 1
45 88.89 113.42 1
43 88.37 102.77 1
44 86.36 101.18 1
26 84.62 89.88 2
12 83.33 95.25 2
25 84 88.88 2
46 84.78 93.57 2
32 84.38 94.47 2
17 82.35 156.41 2
23 82.61 101.91 2
25 84 126.48 2
16 81.25 104.25 2
34 82.35 100.88 2
20 80 95.75 2
29 82.76 98.79 2
25 84 97.68 2
17 82.35 97.24 2
13 84.62 89.38 2
21 80.95 118.95 2
6 83.33 102.33 2
11 81.82 94.18 2
26 84.62 112.19 2
12 83.33 110.25 2
24 83.33 100.04 2
17 82.35 101.88 2
11 81.82 98.36 2
35 82.86 100.43 2
13 84.62 95.15 2
14 78.57 93.36 3
8 62.5 126 3
17 76.47 106.71 3
9 77.78 111.67 3
7 71.43 79.57 3
14 78.57 106 3
7 71.43 129.29 3
9 77.78 130.33 3
7 71.43 100.86 3
9 77.78 101.44 3
9 77.78 96.78 3
7 71.43 101.14 3
18 77.78 107.94 3
9 66.67 100.78 3
8 75 92.38 3
18 77.78 100.67 3
18 77.78 96.89 3
20 70 97.05 3
14 78.57 116.71 3
17 70.59 108.88 3
9 77.78 107.22 3
6 66.67 88.33 3
21 76.19 91.76 3
17 64.71 94.12 3
19 78.95 103.37 3
