64 95.31 133.53 0
64 100 110.39 0
64 95.31 97.73 0
64 100 100.02 0
64 96.88 107.58 0
64 95.31 100.03 0
64 98.44 99.69 0
64 90.63 100.47 0
64 98.44 97.2 0
64 92.19 98.88 0
64 95.31 103.09 0
64 100 102.05 0
64 98.44 94.08 0
64 95.31 93.02 0
64 98.44 98.28 0
64 96.88 96.97 0
64 95.31 96.78 0
64 98.44 107.7 0
64 96.88 99.56 0
65 96.92 97.12 0
65 100 99.18 0
65 98.46 99.83 0
65 95.38 106.57 0
65 98.46 104.65 0
65 96.92 104 0
35 85.71 99.86 1
36 88.89 101.89 1
36 88.89 112.83 1
36 88.89 102.92 1
36 86.11 109.69 1
37 89.19 125.89 1
37 86.49 98.92 1
37 86.49 107.65 1
37 89.19 101.59 1
37 86.49 98.24 1
37 89.19 105.03 1
37 89.19 128.57 1
37 86.49 126.62 1
38 89.47 114.18 1
38 89.47 103.76 1
38 89.47 127.26 1
38 86.84 101.82 1
38 89.47 134.05 1
38 86.84 106.13 1
38 86.84 102 1
38 89.47 136.16 1
38 89.47 106.16 1
39 89.74 103.36 1
39 87.18 106.97 1
39 89.74 101.77 1
13 84.62 93.46 2
13 84.62 103.15 2
13 84.62 106.15 2
13 84.62 109.15 2
13 84.62 130 2
13 84.62 104.46 2
13 84.62 101.23 2
13 84.62 110.62 2
13 84.62 135.23 2
13 84.62 92.69 2
13 84.62 107.23 2
17 82.35 106 2
13 84.62 109.08 2
15 80 92.6 2
15 80 96.47 2
17 82.35 101.06 2
15 80 110.33 2
15 80 102.2 2
16 81.25 98.13 2
16 81.25 96.63 2
16 81.25 101.06 2
16 81.25 103.31 2
16 81.25 135.69 2
16 81.25 102.94 2
16 81.25 100.94 2
14 64.29 100.5 3
8 75 106 3
8 75 93.25 3
9 77.78 104.44 3
9 77.78 100.78 3
9 77.78 99.44 3
14 78.57 110.71 3
9 77.78 105.56 3
9 77.78 132.67 3
9 77.78 104.33 3
9 77.78 130.44 3
9 77.78 100.33 3
9 77.78 128.56 3
10 60 123.3 3
11 72.73 132.18 3
11 72.73 94.18 3
11 72.73 110.27 3
12 75 100.25 3
12 75 121.83 3
12 75 95.75 3
13 76.92 98.92 3
13 76.92 101.46 3
13 76.92 98.46 3
14 78.57 99.43 3
14 71.43 101.43 3
