33 96.97 122519.55 3
37 78.38 110.14 3
36 77.78 107.83 3
23 78.26 1837.3 3
24 79.17 94.42 3
17 70.59 101.88 3
7 71.43 103 3
9 77.78 104.44 3
18 77.78 95.33 3
29 96.55 278727.93 3
14 78.57 99.43 3
17 76.47 98.06 3
12 75 100.25 3
19 78.95 120.74 3
20 75 102.45 3
13 76.92 98.92 3
17 76.47 130 3
9 77.78 100.78 3
9 77.78 99.44 3
15 73.33 165.87 3
17 76.47 129.76 3
9 0 96268.56 3
16 43.75 54473.31 3
6 50 135.33 3
9 77.78 105.56 3
13 76.92 101.46 3
9 77.78 132.67 3
6 50 101.17 3
10 60 123.3 3
8 75 132.63 3
14 71.43 101.43 3
8 50 48208.25 3
14 78.57 110.71 3
12 75 121.83 3
14 64.29 100.5 3
7 71.43 102.29 3
19 73.68 140 3
11 72.73 132.18 3
7 71.43 87.71 3
9 77.78 104.33 3
9 77.78 130.44 3
9 77.78 100.33 3
13 76.92 98.46 3
5 60 122.8 3
8 75 106 3
17 76.47 131.65 3
19 68.42 101.21 3
7 71.43 162.29 3
9 77.78 128.56 3
12 75 95.75 3
14 71.43 101.21 3
11 72.73 94.18 3
11 72.73 110.27 3
6 66.67 162.67 3
22 77.27 101.68 3
7 71.43 101.57 3
6 66.67 101.17 3
8 75 93.25 3
33 90.91 244948.33 3
42 97.62 192478.74 3
31 3.23 93418.42 3
21 0 96813.48 3
17 0 94711.24 3
16 0 94563.75 3
2 0 97057 3
35 77.14 102.17 3
47 100 16256411.17 3
73 95.89 20932704.64 3
105 98.1 7276670.06 3
112 94.64 6821913.8 3
219 97.72 3488874.72 3
12 83.33 101.92 2
12 83.33 101.67 2
12 83.33 118.42 2
12 83.33 122.5 2
12 83.33 132.08 2
12 83.33 96.08 2
12 83.33 125.67 2
12 83.33 97.33 2
12 83.33 104 2
12 83.33 101.42 2
13 84.62 97.38 2
13 84.62 102.92 2
13 84.62 138.08 2
13 84.62 95 2
13 84.62 98.69 2
13 84.62 109.31 2
13 84.62 136.08 2
13 84.62 109.08 2
13 84.62 93.46 2
13 84.62 103.15 2
13 84.62 106.15 2
13 84.62 109.15 2
13 84.62 130 2
13 84.62 104.46 2
13 84.62 101.23 2
13 84.62 110.62 2
13 84.62 135.23 2
13 84.62 92.69 2
13 84.62 107.23 2
13 84.62 3176 2
13 84.62 109.08 2
15 80 92.6 2
15 80 96.47 2
15 80 2788.93 2
15 80 110.33 2
15 80 102.2 2
16 81.25 98.13 2
16 81.25 96.63 2
16 81.25 101.06 2
16 81.25 103.31 2
16 81.25 135.69 2
16 81.25 102.94 2
16 81.25 100.94 2
17 82.35 101.06 2
17 82.35 106 2
17 82.35 101.88 2
17 82.35 2482 2
17 82.35 114.41 2
17 82.35 106.12 2
18 83.33 130.89 2
18 83.33 119.83 2
18 83.33 101.17 2
18 83.33 98.83 2
18 83.33 135.39 2
18 83.33 97.33 2
18 83.33 173.89 2
18 83.33 145.39 2
18 83.33 136.72 2
19 84.21 103.74 2
19 84.21 102.42 2
19 84.21 104.74 2
19 84.21 106.42 2
19 84.21 105.47 2
19 84.21 99.05 2
19 84.21 96.79 2
20 80 94.9 2
20 80 136.85 2
20 80 101 2
20 80 5037.2 2
20 80 3055.7 2
21 80.95 96.24 2
21 80.95 125.14 2
28 85.71 121.61 1
28 85.71 105.68 1
28 89.29 106.07 1
28 85.71 123.5 1
28 85.71 101.14 1
28 89.29 117.86 1
28 89.29 127.82 1
28 89.29 111.79 1
28 89.29 99.64 1
29 89.66 101.79 1
29 86.21 100.72 1
29 89.66 143.48 1
29 86.21 104.72 1
29 86.21 97.59 1
29 86.21 107.93 1
29 89.66 98.72 1
29 89.66 102.38 1
29 86.21 104.14 1
29 86.21 101.21 1
29 86.21 119.72 1
29 89.66 127.72 1
29 89.66 101.17 1
29 89.66 126.97 1
29 89.66 101.48 1
29 89.66 102.14 1
30 86.67 105.47 1
30 86.67 209.13 1
30 86.67 97.33 1
30 86.67 102.33 1
30 86.67 97.77 1
30 86.67 99.6 1
31 87.1 100.68 1
31 87.1 127.16 1
31 87.1 92.97 1
32 87.5 101.28 1
32 87.5 117.34 1
32 87.5 98.66 1
32 87.5 97.88 1
32 87.5 103.72 1
32 87.5 106.94 1
33 87.88 125.82 1
33 87.88 5939 1
34 88.24 103.12 1
34 85.29 102.76 1
35 88.57 113.54 1
35 88.57 112.46 1
35 88.57 104.43 1
35 88.57 1245.43 1
35 88.57 99.91 1
35 85.71 99.86 1
36 88.89 101.89 1
36 88.89 112.83 1
36 88.89 102.92 1
36 86.11 109.69 1
37 89.19 125.89 1
37 86.49 98.92 1
37 86.49 107.65 1
37 89.19 101.59 1
37 86.49 98.24 1
37 89.19 105.03 1
37 89.19 128.57 1
37 86.49 126.62 1
38 89.47 114.18 1
38 89.47 103.76 1
38 89.47 127.26 1
38 86.84 101.82 1
38 89.47 134.05 1
38 86.84 106.13 1
38 86.84 102 1
38 89.47 136.16 1
38 89.47 106.16 1
38 86.84 2625.71 1
66 96.97 706.8 0
66 93.94 105.67 0
66 98.48 101.14 0
66 96.97 102.35 0
66 92.42 107.97 0
66 100 99.45 0
66 95.45 103.85 0
66 98.48 96.74 0
66 95.45 95.89 0
66 95.45 94.14 0
66 90.91 98.88 0
66 95.45 95.95 0
66 93.94 101.58 0
66 96.97 125.41 0
66 95.45 97.64 0
66 92.42 95.92 0
66 95.45 99.05 0
66 95.45 99 0
67 91.04 94.52 0
67 98.51 100.96 0
67 97.01 710.19 0
67 95.52 115.99 0
67 98.51 99.51 0
67 98.51 103.82 0
67 97.01 102.9 0
67 92.54 109.19 0
67 100 104.27 0
67 92.54 129.28 0
67 95.52 103.99 0
67 94.03 927.63 0
67 95.52 103.54 0
67 95.52 100.04 0
67 97.01 107.18 0
67 91.04 103.96 0
67 98.51 115.91 0
67 98.51 99.76 0
67 94.03 103.04 0
67 95.52 105.18 0
67 92.54 99.13 0
67 97.01 132.34 0
67 98.51 105.9 0
67 91.04 102.06 0
67 91.04 103.01 0
67 94.03 97.04 0
67 97.01 103.58 0
67 95.52 91.06 0
67 94.03 96.03 0
67 98.51 93.13 0
67 97.01 99.58 0
67 97.01 97.27 0
67 94.03 721.48 0
67 98.51 98.28 0
67 97.01 695.25 0
67 95.52 97.88 0
67 97.01 101.97 0
67 98.51 96.54 0
67 97.01 98.42 0
67 94.03 96.31 0
67 97.01 130.57 0
67 91.04 122.36 0
68 100 129.22 0
68 98.53 102.03 0
68 95.59 702.09 0
68 97.06 141.44 0
68 95.59 91.84 0
68 98.53 99.43 0
68 97.06 687.41 0
68 98.53 105.4 0
68 94.12 689.41 0
68 97.06 151.01 0
68 97.06 100.1 0
68 98.53 102.63 0
41 78.05 102.54 3
58 93.1 139426.03 3
30 76.67 95.37 3
9 77.78 92.89 3
17 76.47 90.35 3
15 100 269436 3
30 100 134762.77 3
24 79.17 92 3
17 76.47 11441 3
18 72.22 10755.39 3
12 75 101.92 3
24 79.17 97.92 3
19 63.16 2207.63 3
9 77.78 93.11 3
9 77.78 101.33 3
17 76.47 87.12 3
23 78.26 99.52 3
23 73.91 100.09 3
13 76.92 144.54 3
14 78.57 107 3
9 77.78 96.22 3
9 77.78 92.89 3
8 75 93.63 3
15 73.33 101.33 3
11 63.64 103.91 3
14 78.57 98.21 3
4 75 82 3
8 75 100.75 3
21 76.19 2002.71 3
15 73.33 139.2 3
12 75 107.83 3
11 63.64 102.18 3
6 66.67 89.33 3
3 66.67 113 3
18 77.78 110.39 3
9 66.67 107 3
14 78.57 108.14 3
9 77.78 100.89 3
7 71.43 744.86 3
16 75 99.19 3
5 60 101.2 3
8 75 102.38 3
24 75 107.67 3
4 50 1306 3
11 63.64 155.91 3
9 77.78 85 3
8 75 88.63 3
9 77.78 94.78 3
16 75 96.25 3
13 92.31 310858.23 3
15 93.33 269425.8 3
20 100 202097.6 3
14 78.57 118.29 3
14 78.57 96.86 3
5 60 101 3
28 78.57 122.57 3
9 66.67 183.11 3
10 70 101.5 3
8 75 105.13 3
12 75 97.17 3
11 63.64 103.09 3
8 75 90 3
18 72.22 108.28 3
8 75 111.38 3
3 66.67 13408.33 3
8 75 116.75 3
5 60 101.4 3
12 66.67 103 3
12 75 89.33 3
9 77.78 122.89 3
9 77.78 114.56 3
9 77.78 95.89 3
4 75 99 3
10 70 103.8 3
11 72.73 95.91 3
12 75 109.25 3
12 66.67 99.25 3
9 77.78 104.56 3
13 76.92 101.69 3
2 50 102 3
4 75 100.5 3
6 50 100.5 3
41 78.05 102.54 3
12 75 105.33 3
2 50 100 3
12 75 104.33 3
9 77.78 93.78 3
12 66.67 98.25 3
8 75 85.63 3
12 75 88.42 3
3 66.67 114 3
6 66.67 89.33 3
8 62.5 93 3
7 71.43 115.57 3
19 78.95 93.42 3
11 72.73 109.73 3
10 70 93.1 3
19 78.95 101.53 3
14 78.57 103.14 3
16 75 128 3
9 77.78 100.67 3
13 69.23 100.69 3
14 78.57 96.36 3
17 76.47 103.59 3
8 75 101.25 3
7 71.43 89.29 3
9 77.78 101.44 3
9 77.78 94.56 3
8 75 92.5 3
16 75 95.88 3
14 78.57 94.21 3
13 76.92 101.31 3
16 75 101.75 3
22 77.27 94.41 3
9 77.78 100.22 3
18 66.67 102.22 3
3 66.67 77.67 3
22 77.27 101.09 3
62 98.39 130423.1 3
16 68.75 101.38 3
60 98.33 25468094.22 3
65 93.85 11754559.55 3
67 94.03 11403676.54 3
15 80 93.8 2
16 81.25 12168 2
16 81.25 112.38 2
16 81.25 102.56 2
16 81.25 92.19 2
16 81.25 97.88 2
16 81.25 96.5 2
16 81.25 99.69 2
16 81.25 95.25 2
16 81.25 99 2
16 81.25 107.88 2
16 81.25 99.13 2
16 81.25 88.19 2
16 81.25 104.56 2
17 82.35 9036.53 2
17 82.35 98.94 2
17 82.35 88.35 2
17 82.35 108.53 2
17 82.35 101.12 2
17 82.35 107.53 2
17 82.35 90.88 2
17 82.35 99.88 2
18 83.33 90.83 2
18 83.33 96.83 2
18 83.33 107.83 2
18 83.33 98.61 2
18 83.33 97.78 2
18 83.33 2311 2
18 83.33 95.33 2
18 83.33 88.72 2
18 83.33 106.5 2
18 83.33 2319.61 2
18 83.33 101.67 2
18 83.33 97.33 2
18 83.33 106.61 2
18 83.33 98.78 2
18 83.33 98.72 2
18 83.33 108.56 2
18 83.33 125.67 2
18 83.33 97.06 2
19 84.21 105.05 2
19 84.21 101.68 2
19 84.21 106.16 2
19 84.21 102.63 2
19 84.21 94.42 2
19 84.21 104.63 2
19 84.21 99.32 2
19 84.21 100.79 2
19 84.21 93.21 2
20 85 104.55 2
20 80 98.75 2
20 80 99.25 2
20 85 104.1 2
20 85 101 2
20 80 94.55 2
20 80 109.95 2
20 85 98.05 2
20 80 103.05 2
20 85 106.5 2
20 85 103.25 2
20 85 97.65 2
20 80 105.7 2
20 85 100.45 2
20 80 98.65 2
20 80 99.55 2
20 85 99.55 2
20 85 101.3 2
20 85 98.1 2
20 85 107.35 2
20 80 104.95 2
21 80.95 92.62 2
21 80.95 98.14 2
21 80.95 101.71 2
22 81.82 98.32 2
22 81.82 106.91 2
22 81.82 101.18 2
22 81.82 100.91 2
23 82.61 101.87 2
24 83.33 171.79 2
24 83.33 109.46 2
24 83.33 98.79 2
24 83.33 98.33 2
24 83.33 105.33 2
24 83.33 105.04 2
24 83.33 99.25 2
25 80 107.28 2
25 84 103 2
25 84 120.32 2
25 84 115.76 2
25 84 96.64 2
25 84 108.8 2
25 84 101.4 2
25 84 92.84 2
26 84.62 97.08 2
26 84.62 92.92 2
26 84.62 100 2
26 84.62 230.19 2
26 84.62 93.23 2
26 84.62 99.62 2
26 84.62 1637 2
27 81.48 98.26 2
27 81.48 99.33 2
27 81.48 99.11 2
28 82.14 167.61 2
30 80 108.1 2
30 83.33 102.5 2
31 83.87 95.94 2
32 81.25 98.06 2
33 81.82 100.61 2
33 84.85 100.55 2
33 81.82 95.12 2
36 83.33 101.5 2
37 83.78 95.22 2
37 83.78 95 2
43 83.72 95.86 2
43 83.72 119.33 2
44 84.09 99.73 2
48 83.33 112.38 2
53 94.34 76324.87 2
66 84.85 106.52 2
78 96.15 51901.5 2
95 83.16 90.35 2
48 87.5 101.17 1
48 89.58 101.02 1
48 89.58 106.46 1
49 85.71 105.84 1
50 86 110 1
51 88.24 102.2 1
52 86.54 131.06 1
53 88.68 110.38 1
53 88.68 108.92 1
53 88.68 101.55 1
54 87.04 93.63 1
55 89.09 826.67 1
55 87.27 91.47 1
55 87.27 830.22 1
56 89.29 97.68 1
56 89.29 95.73 1
56 89.29 810.93 1
57 89.47 103.09 1
58 89.66 105.9 1
59 89.83 100.75 1
59 88.14 770.8 1
60 86.67 103.72 1
60 86.67 116.78 1
60 86.67 99.58 1
61 88.52 98.59 1
62 88.71 101.4 1
62 88.71 95.89 1
64 89.06 93.72 1
64 89.06 93.77 1
64 89.06 717.13 1
65 89.23 99.45 1
65 89.23 95.77 1
66 89.39 709.09 1
66 89.39 103.55 1
66 89.39 96.71 1
67 89.55 106.61 1
67 89.55 693.61 1
68 86.76 103.29 1
68 89.71 105.72 1
68 89.71 94.22 1
68 89.71 96.99 1
68 89.71 108.57 1
70 87.14 671.71 1
70 87.14 681.21 1
70 87.14 98.19 1
72 88.89 103.97 1
72 87.5 90.85 1
72 88.89 651 1
73 87.67 124.77 1
74 89.19 133.93 1
74 89.19 98.93 1
74 86.49 91.49 1
75 89.33 102.71 1
76 89.47 104.45 1
77 89.61 94.08 1
79 89.87 119.06 1
82 89.02 103.04 1
83 87.95 97.18 1
85 89.41 127.47 1
86 89.53 102.19 1
88 89.77 104.8 1
88 89.77 96.75 1
89 95.51 45485.3 1
90 87.78 97.73 1
92 91.3 44002.25 1
92 86.96 97.39 1
93 89.25 91.11 1
95 88.42 101.34 1
101 89.11 99.93 1
103 89.32 94.78 1
108 89.81 95.05 1
114 86.84 89.14 1
117 88.89 91.85 1
119 99.16 34043.24 1
119 89.92 92.18 1
125 88.8 92.64 1
126 89.68 96.38 1
126 88.89 109.13 1
126 88.89 741.5 1
136 89.71 125.4 1
147 89.8 675.14 1
180 96.67 22535.25 1
192 96.35 21140.68 1
192 96.35 21143.06 1
211 97.16 19241.63 1
211 97.63 19237.46 1
214 88.32 91.71 1
226 96.46 35854 1
252 95.63 32159.3 1
254 96.06 16003.98 1
258 94.57 15749.92 1
263 95.82 15460.89 1
263 93.16 30821.2 1
285 94.39 14269.39 1
296 96.28 13737.23 1
333 95.8 24365.62 1
337 95.25 12081.53 1
372 96.77 10946.38 1
388 95.88 10499.9 1
397 95.47 20453.4 1
439 94.76 36897.15 1
451 96.23 17999.72 1
465 96.56 17464.83 1
497 95.37 24467.41 1
533 96.06 15250.89 1
536 97.01 15164.69 1
577 96.71 14092.49 1
600 97.33 13556.06 1
628 96.02 12959.21 1
632 96.04 12880.66 1
639 95.15 12731.52 1
658 97.87 12370.49 1
663 95.93 18366.99 1
664 95.18 12251.37 1
670 96.12 18176.28 1
685 95.18 11877.13 1
713 97.62 11412.79 1
725 94.34 11228.24 1
735 95.65 16575.2 1
397 95.47 20453.4 1
439 94.76 36897.15 1
745 95.57 10927.76 1
7 100 100.43 0
7 100 101.71 0
8 100 131.75 0
8 100 113.63 0
8 100 111.38 0
8 100 93.25 0
8 100 105.88 0
8 100 98.75 0
8 100 94 0
9 100 97.67 0
9 100 101.89 0
9 100 93.78 0
9 100 128 0
9 100 101.44 0
9 100 100.67 0
9 100 98.44 0
10 90 106.6 0
10 100 114 0
10 90 102.8 0
10 100 112.3 0
10 90 106.5 0
10 100 95.4 0
10 100 121.4 0
10 100 105.7 0
10 90 95.9 0
10 100 81.7 0
10 100 93.2 0
10 100 95.8 0
11 90.91 94 0
11 100 94.55 0
11 100 100.91 0
11 100 101.64 0
11 100 96.91 0
12 91.67 127.17 0
12 100 101.92 0
12 100 146.58 0
12 100 95.83 0
12 91.67 94.83 0
12 100 70.58 0
12 100 107.33 0
12 100 109.92 0
12 100 101.42 0
12 91.67 94.83 0
13 100 97.31 0
13 100 99.69 0
13 92.31 95.15 0
13 100 91.38 0
13 100 96.54 0
13 100 170.62 0
13 92.31 95.69 0
13 100 111.15 0
13 92.31 93 0
13 92.31 96.15 0
13 100 107.23 0
13 92.31 101.85 0
13 92.31 92.46 0
13 100 101.15 0
13 100 94.85 0
14 100 111.07 0
14 100 105.71 0
14 100 102.57 0
14 100 106.64 0
14 100 90.36 0
14 100 97.93 0
14 100 90.57 0
14 100 101.36 0
14 92.86 100.07 0
14 100 98.57 0
14 92.86 102.79 0
14 100 96.29 0
14 92.86 144.14 0
14 100 97.36 0
14 100 97.36 0
14 100 101.5 0
15 93.33 102.53 0
15 93.33 2762.27 0
15 100 102.53 0
15 93.33 103.4 0
15 93.33 99.33 0
15 100 98.47 0
15 100 97.53 0
15 100 101.47 0
16 93.75 100.88 0
16 100 105.31 0
16 100 114.5 0
16 100 103.31 0
16 100 101.56 0
16 100 109.5 0
16 100 90.31 0
16 93.75 89.19 0
16 93.75 103.63 0
16 93.75 108.5 0
16 100 99.94 0
16 100 95 0
16 100 99.38 0
17 100 114.29 0
17 100 100.88 0
17 100 106.88 0
17 100 107 0
17 100 97.06 0
17 94.12 102.06 0
17 100 102.59 0
17 94.12 100.12 0
17 94.12 96.76 0
18 100 102 0
18 100 96.67 0
18 100 2338.33 0
18 94.44 102.5 0
18 100 119.56 0
18 94.44 127 0
18 94.44 91.17 0
18 94.44 101 0
18 100 94.33 0
18 100 98.56 0
18 100 101 0
19 94.74 92.89 0
19 100 93.63 0
19 94.74 100.63 0
19 94.74 99.79 0
19 94.74 98.37 0
19 94.74 101.84 0
19 100 97 0
