103 99.03 100.41 0
145 97.93 84.49 0
119 99.16 91.34 0
111 96.4 85.36 0
101 97.03 94.86 0
120 97.5 90.23 0
99 92.93 85.08 0
89 98.88 91.25 0
107 98.13 89.75 0
136 94.85 98.18 0
90 96.67 114.14 0
89 96.63 105.16 0
94 95.74 95.41 0
97 93.81 105.79 0
124 96.77 104.06 0
107 96.26 96.15 0
95 96.84 102.52 0
116 98.28 99.47 0
90 93.33 100.4 0
88 98.86 94.67 0
73 91.78 92.29 0
108 95.37 102.45 0
108 96.3 103.55 0
121 99.17 95.61 0
93 100 103.9 0
89 97.75 100.87 0
60 98.33 104.62 0
70 97.14 92.49 0
90 93.33 96.71 0
84 94.05 101.6 0
100 98 106.51 0
54 100 100.94 0
64 98.44 121.89 0
60 98.33 127.15 0
85 100 94.11 0
78 96.15 98.42 0
73 93.15 98.51 0
96 94.79 103.13 0
69 95.65 98.7 0
86 98.84 579.38 0
63 90.48 93.52 0
58 96.55 96.48 0
50 98 91.38 0
55 94.55 121.87 0
42 90.48 115.74 0
47 97.87 101.87 0
61 100 107.54 0
76 94.74 112.12 0
57 96.49 112.95 0
55 98.18 158.29 0
33 93.94 101.97 0
46 95.65 966.52 0
72 97.22 96.13 0
47 95.74 103.02 0
45 97.78 991.11 0
48 93.75 102.04 0
42 95.24 108.4 0
51 96.08 103.47 0
43 100 100.6 0
37 97.3 100.7 0
66 96.97 108.77 0
52 98.08 106.56 0
63 98.41 97.81 0
55 100 104.53 0
55 89.09 116.16 1
68 91.18 104.91 0
43 95.35 106.95 0
74 100 115.51 0
48 97.92 946.46 0
53 96.23 101.49 0
45 88.89 102.56 1
53 98.11 114.47 0
49 93.88 101.35 0
65 90.77 116.23 0
61 91.8 109.2 0
59 96.61 162.42 0
65 93.85 149.17 0
38 97.37 98.34 0
46 95.65 95.3 0
41 100 103.22 0
74 97.3 109.97 0
52 98.08 878.31 0
40 97.5 138.25 0
48 91.67 241.06 0
46 100 984.33 0
33 96.97 159.79 0
33 87.88 125.82 1
35 97.14 115.97 0
77 97.4 101.87 0
36 88.89 112.83 1
36 94.44 96.33 0
41 95.12 99.54 0
30 96.67 99.83 0
21 95.24 101.95 0
44 97.73 122.59 0
56 91.07 99.13 0
30 86.67 209.13 1
36 94.44 2856.53 1
32 96.88 1348.75 0
31 96.77 102.35 0
23 100 106.17 0
36 94.44 95.61 0
30 96.67 1436.67 0
34 100 98.32 0
27 92.59 99.93 0
23 100 107.09 0
13 100 106.15 0
30 93.33 103.07 0
23 100 102.83 0
30 96.67 99.2 0
20 95 102.75 0
38 97.37 1148.63 0
42 95.24 94.24 0
31 96.77 102.87 0
44 93.18 99.91 0
39 100 100.62 0
38 100 103.68 0
28 96.43 105.07 0
25 96 106.04 0
27 92.59 106.19 0
39 92.31 98.69 0
24 100 106.63 0
25 100 104.48 0
25 100 100.04 0
35 97.14 96.57 0
37 97.3 158.27 0
42 95.24 106.93 0
21 100 98.24 0
54 96.3 105.89 0
34 97.06 105.68 0
40 85 95.75 1
33 90.91 101 0
18 100 98.94 0
22 90.91 93.91 0
16 87.5 102.44 1
34 97.06 103.44 0
30 86.67 97.33 1
17 94.12 94.29 0
13 84.62 97.38 1
21 95.24 99.33 0
37 97.3 99.84 0
25 92 107.12 0
27 92.59 144.19 0
28 100 98.25 0
23 95.65 106.52 0
29 100 108.55 0
30 93.33 98.47 0
26 96.15 132.38 0
23 91.3 94.7 0
26 84.62 106.23 1
33 93.94 122.76 0
16 93.75 104.31 0
31 93.55 120.61 0
28 96.43 98.75 0
34 94.12 1272.35 0
41 100 100.8 0
31 96.77 103.1 0
33 96.97 1313.42 0
22 90.91 96.64 0
37 89.19 101.59 1
30 100 96.53 0
25 100 114.84 0
26 100 98.42 0
15 93.33 100.93 0
26 92.31 101.85 0
33 96.97 97.45 0
19 94.74 104.68 0
24 100 96.54 0
23 91.3 103.78 0
25 96 100.6 0
20 90 105.6 0
13 92.31 118.62 0
24 95.83 101.71 0
16 100 91.94 0
23 100 107.09 0
10 90 100.8 0
32 93.75 106.84 0
25 100 97.2 0
11 90.91 96.36 0
9 100 112.11 0
20 80 94.9 1
18 100 101.56 0
42 97.62 99.74 0
12 83.33 102.58 1
13 100 97.15 0
10 100 103.6 0
18 100 96.56 0
22 100 103.82 0
16 81.25 98.13 1
13 84.62 98.69 1
16 93.75 94.56 0
11 81.82 118.64 1
16 81.25 96.63 1
12 83.33 99.08 1
12 91.67 106.67 0
19 89.47 111.42 1
9 100 102 0
13 84.62 109.31 1
9 100 100.44 0
21 95.24 103.48 0
16 100 95.81 0
27 100 99.22 0
31 96.77 102.1 0
15 93.33 96.6 0
14 92.86 100.79 0
19 94.74 94.05 0
25 92 101 0
23 100 98.04 0
20 90 95.45 0
17 94.12 103.71 0
10 100 101.6 0
24 95.83 96.88 0
27 96.3 100 0
22 100 106.23 0
14 100 114.57 0
19 100 99.95 0
22 95.45 101.32 0
10 100 111.6 0
7 85.71 107.86 1
23 100 107.09 0
12 100 104.25 0
16 100 100.69 0
10 90 99.3 0
22 95.45 107.5 0
12 100 110.5 0
12 83.33 101.92 1
13 100 96.62 0
14 100 99.64 0
17 94.12 98.18 0
9 77.78 100.78 1
18 88.89 104.78 1
12 100 96.5 0
17 94.12 111.82 0
13 84.62 103.15 1
15 100 99 0
19 89.47 99.74 1
21 95.24 141.71 0
20 100 98.4 0
19 100 104.37 0
13 100 98 0
18 100 91.56 0
9 0 96268.56 1
16 43.75 54473.31 1
27 85.19 154.56 1
39 94.87 133.44 0
10 100 4103.4 1
9 100 171.33 0
12 100 123 0
33 84.85 3012.94 1
19 89.47 8104.58 1
11 90.91 8881.64 1
8 50 48208.25 1
14 92.86 7033.93 1
13 92.31 97.38 0
18 88.89 100.22 1
21 100 105.05 0
25 96 100.4 0
17 94.12 97.18 0
12 100 96.17 0
18 100 97 0
16 100 102.38 0
11 100 99.27 0
17 94.12 103.82 0
18 100 101.39 0
22 90.91 95.86 0
13 100 100.31 0
18 100 105.67 0
13 100 93.15 0
17 100 101.88 0
24 100 102.13 0
23 91.3 98.22 0
18 100 104.89 0
18 100 101.28 0
19 94.74 99.63 0
21 90.48 105.81 0
20 80 5037.2 1
22 90.91 4589.18 1
7 85.71 96.86 1
15 100 110.13 0
18 100 96.83 0
24 91.67 99.42 0
30 96.67 99.13 0
22 95.45 108.55 0
17 94.12 111.94 0
13 92.31 103.77 0
11 100 103.55 0
26 100 107.23 0
20 90 5054.95 1
19 89.47 100.21 1
26 92.31 3900.38 1
15 93.33 106.53 0
10 100 4097.2 1
26 96.15 111.62 0
22 95.45 107.23 0
24 95.83 95.25 0
30 96.67 96.47 0
24 95.83 102.54 0
19 100 92.58 0
16 100 102.88 0
14 100 97 0
26 96.15 3909.08 1
32 96.88 102.25 0
35 94.29 100.46 0
27 100 110.44 0
26 96.15 100.46 0
25 92 102.36 0
15 93.33 104 0
14 71.43 101.21 1
21 85.71 99.19 1
22 100 103.45 0
21 90.48 100.33 0
12 91.67 114.42 0
18 94.44 98.22 0
10 90 100.7 0
25 92 4057.36 1
17 94.12 100.12 0
20 80 3055.7 1
20 95 100.75 0
20 100 2121.45 1
14 92.86 98.5 0
17 100 126.06 0
11 90.91 99.27 0
19 100 102 0
16 100 96.31 0
30 96.67 97.3 0
24 95.83 94.25 0
14 92.86 95.79 0
21 100 98.9 0
13 100 101.38 0
18 100 95.5 0
24 95.83 4098.38 1
23 82.61 4287.65 1
33 87.88 5939 1
38 94.74 5153.97 1
32 93.75 6094.75 1
32 81.25 6097.13 1
22 86.36 11368.64 1
38 86.84 2625.71 1
38 94.74 4092.82 1
29 96.55 97.76 0
33 93.94 102.7 0
31 87.1 92.97 1
32 96.88 98.5 0
37 97.3 121.49 0
41 95.12 100.07 0
38 100 1153 0
34 94.12 105 0
41 92.68 100.73 0
25 92 3304.16 1
33 96.97 91.58 0
36 94.44 94.61 0
38 94.74 2705.53 1
31 90.32 3290.87 1
46 91.3 2248.48 1
42 92.86 2480.48 1
39 100 120.21 0
37 89.19 128.57 1
31 100 99.16 0
32 96.88 101.16 0
42 97.62 192478.74 1
31 3.23 93418.42 1
21 0 96813.48 1
17 0 94711.24 1
16 0 94563.75 1
2 0 97057 1
2 100 229.5 0
18 83.33 136.72 1
25 100 144.28 0
28 96.43 143 0
33 93.94 124.88 0
50 96 132.04 0
54 96.3 134.85 0
60 93.33 122.98 0
56 94.64 846.86 0
63 95.24 124.94 0
75 98.67 129.91 0
100 95 130.36 0
120 97.5 121.17 0
100 93 137.69 0
116 94.83 128.31 0
134 91.04 127.39 0
137 94.16 126.07 0
139 96.4 708.34 0
166 95.18 129.05 0
116 94.83 130.31 0
141 97.16 414.65 0
157 99.36 132.92 0
164 97.56 128.66 0
155 97.42 394.14 0
167 94.61 124.64 0
154 94.81 130.44 0
161 91.93 629.84 0
141 94.33 132.38 0
162 94.44 376.72 0
179 93.85 127.87 0
185 92.43 125.57 0
179 94.41 128.38 0
188 94.68 127.43 0
198 96.97 334.34 0
194 95.36 134.71 0
203 95.07 127.86 0
192 96.35 546.47 0
178 97.19 129 0
197 97.46 131.01 0
198 93.43 137.08 0
223 95.96 311.56 0
265 95.85 279.23 0
214 93.46 127.31 0
255 96.86 445.75 0
255 93.33 125.86 0
260 94.23 122.94 0
242 95.87 292.25 0
256 94.53 122.03 0
272 92.65 130.01 0
312 94.55 252.92 0
264 95.45 275.7 0
274 94.89 124.63 0
275 94.55 128.83 0
286 97.2 266.87 0
312 95.51 255.34 0
276 94.93 127.87 0
321 95.64 129.28 0
304 94.08 257.7 0
303 96.37 134.07 0
312 96.15 128.6 0
283 94.7 122.56 0
338 96.75 130.08 0
314 95.86 129.19 0
365 96.44 237.62 0
366 95.36 122.58 0
317 95.58 128.77 0
350 97.14 244.79 0
341 98.83 364.34 0
382 95.81 235.67 0
388 96.65 233.02 0
330 96.36 124.09 0
364 95.88 233.3 0
398 94.47 127.64 0
441 95.69 215.25 0
436 94.72 221.9 0
426 95.77 132.95 0
462 95.67 214.77 0
439 95.67 308.24 0
409 95.84 130.02 0
479 96.45 292.75 0
471 95.54 128.59 0
494 97.17 124.41 0
495 95.35 127.38 0
432 96.06 215.14 0
433 94 312.05 0
446 94.17 212.74 0
447 97.09 127.32 0
462 94.37 213.05 0
488 95.7 208.02 0
429 96.04 217.03 0
457 94.97 296.6 0
526 95.44 128.33 0
535 94.21 7681.66 0
488 94.26 215.61 0
549 97.09 199.27 0
518 95.95 429.64 0
494 95.14 208.63 0
572 95.45 266.86 0
560 97.32 125.25 0
549 96.17 270.19 0
558 96.24 343.25 0
572 96.85 264.96 0
553 96.75 197.27 0
559 96.06 265.19 0
583 96.74 126.89 0
571 96.67 264.26 0
674 96.88 240.83 0
642 95.02 120.81 0
682 95.45 119.26 0
670 96.72 238.26 0
658 95.44 185.09 0
613 96.74 120.55 0
633 97 124.16 0
644 95.19 183.95 0
620 95.32 255.11 0
738 96.07 340.27 0
703 95.59 119.23 0
715 95.94 176.95 0
685 96.06 172.65 0
728 96.7 180.38 0
761 96.06 328.57 0
793 94.2 319.31 0
729 96.16 226.19 0
776 95.75 116.18 0
813 95.94 167.74 0
812 93.84 216.22 0
770 95.45 220.73 0
765 97.12 223.33 0
859 95.58 117.08 0
876 95.32 206.87 0
852 96.6 214.65 0
855 96.37 162.74 0
860 95.35 162.54 0
858 96.27 300.78 0
827 96.25 161.11 0
907 95.48 157.86 0
862 95.24 253.53 0
907 95.92 158.35 0
865 96.42 113.06 0
924 95.35 285.02 0
954 96.33 239.21 0
889 94.04 111.35 0
899 96.55 158.53 0
964 95.75 279.16 0
946 95.56 152.39 0
900 96.33 199.85 0
964 96.27 153.38 0
982 95.62 193.25 0
921 94.79 153.74 0
952 95.69 114.34 0
998 95.79 151.05 0
1015 95.96 149.03 0
1029 96.6 7960.48 0
996 96.29 188.56 0
1058 96.98 109.08 0
1000 96.8 229.53 0
1013 95.46 186.82 0
989 96.97 231.42 0
990 95.25 147.83 0
1056 95.55 184.25 0
1105 95.93 141.59 0
1073 96.18 145.22 0
1129 95.57 175.65 0
1183 94.51 274.68 0
1084 94.46 324.93 0
1121 96.43 211.12 0
960 94.69 147.67 0
961 94.8 146.4 0
969 94.94 102.98 0
981 95.51 184.32 0
1016 95.28 182.76 0
982 95.82 145.46 0
1010 95.45 184.25 0
1041 95.1 219.05 0
1022 95.99 143.8 0
1018 95.48 144.48 0
1174 95.57 134.57 0
1209 96.28 135.7 0
1193 94.72 170.24 0
1184 95.52 98.68 0
1237 95.47 197.62 0
1142 95.8 135.56 0
1233 95.86 332.16 0
1191 95.3 203.75 0
1237 96.93 295.42 0
1239 95.4 233.18 0
1212 94.97 170.01 0
1200 95.67 135.88 0
1250 95.52 262.86 0
1272 96.15 165.25 0
1272 95.75 193.58 0
1245 95.42 167.58 0
1248 95.03 100.81 0
1245 95.58 98.48 0
1264 95.65 132.45 0
1294 96.06 98.68 0
1271 95.99 130.91 0
1285 95.02 128.46 0
1286 96.73 191.87 0
1319 95.6 252.15 0
1339 94.7 156.26 0
1384 95.95 185.07 0
1299 95.15 221.69 0
1278 95.46 130.28 0
1338 95.07 96.77 0
1332 95.87 191.05 0
1327 94.88 129.6 0
1300 95.77 97.03 0
1316 94.83 132.24 0
1355 94.76 99.83 0
1397 96.42 212.18 0
1308 96.1 191.48 0
1356 95.13 3076.92 0
1267 95.9 224.07 0
1349 96.44 126.81 0
1276 96 161.71 0
1259 96.11 225.23 0
1369 96.2 127.51 0
1366 95.9 214.53 0
1359 95.95 155 0
1276 95.92 96.95 0
1242 95.81 130.7 0
1299 95.69 130.86 0
1299 95.54 131.55 0
1350 95.85 126.85 0
1396 95.85 182.09 0
1323 95.77 185.66 0
1348 96.51 97.74 0
1340 96.87 186.31 0
1316 95.67 98.54 0
1382 96.96 156.16 0
1345 96.73 245.52 0
1293 95.98 249.8 0
1339 95.67 155.48 0
1308 96.18 247.39 0
1301 95.85 127.27 0
1242 94.44 161.17 0
1329 96.24 158 0
1281 96.1 189.69 0
1323 95.77 126.77 0
1349 95.7 246.07 0
1346 95.84 242.37 0
1312 94.97 186.87 0
1312 95.66 127.54 0
1379 95.72 152.04 0
1299 96 188.96 0
1364 93.91 124.15 0
1219 96.23 159.88 0
1268 95.74 126.81 0
1294 94.74 96.99 0
1214 95.55 98.39 0
1279 94.68 129.59 0
1316 95.06 129.1 0
1322 95.54 126.05 0
1244 94.77 228.72 0
1337 95.74 156.23 0
1283 95.79 159.99 0
1272 94.58 159.78 0
1270 95.51 161.65 0
1307 95.33 96.9 0
1259 96.11 252.63 0
1250 95.52 126.98 0
1280 95.55 190.56 0
1302 95.31 95.67 0
1258 96.42 190.35 0
1269 96.06 191.56 0
1204 95.18 163.59 0
1229 95.69 97.16 0
1232 95.13 128.34 0
1313 95.58 157.5 0
1290 95.58 190.72 0
1213 95.55 129.41 0
1255 95.86 12979.16 1
1247 95.35 161.17 0
1269 94.17 159.65 0
1166 96.48 132.77 0
1251 95.04 101.34 0
1277 95.38 99.99 0
1204 95.68 164.4 0
1151 96.18 237.94 0
1236 95.55 97.69 0
1235 95.55 131.56 0
1297 95.53 97.94 0
1216 94.24 197.66 0
1308 95.11 189.94 0
1180 94.92 133.18 0
1220 95.66 197.31 0
1267 95.66 255.15 0
1244 95.98 193.14 0
1163 95.7 99.39 0
1231 95.69 129.92 0
1181 95.85 130.58 0
1127 96.89 132.85 0
1127 95.92 208.44 0
1158 95.51 104.41 0
1184 94.68 199.28 0
1160 96.03 202.54 0
1125 95.73 172.45 0
1151 96.09 134.97 0
1209 95.29 199.21 0
1122 96.52 171.33 0
1053 95.35 176.71 0
1218 95.16 230.57 0
1030 94.95 97.35 0
1044 94.54 139.79 0
1144 94.49 136.16 0
1112 95.77 99.77 0
1153 95.49 167.23 0
1112 95.32 209.75 0
1057 94.8 140.28 0
1109 95.85 99.36 0
1110 95.41 208.41 0
1043 94.82 137.28 0
1106 95.21 207.37 0
1034 95.55 216.99 0
1161 95.95 238.32 0
1075 95.72 140.77 0
1016 95.47 137.21 0
1033 94.87 181.01 0
1065 95.31 249.49 0
1022 95.3 295.91 0
1052 96.2 175.62 0
1037 94.99 253.25 0
1045 96.08 177.39 0
1064 94.08 216.15 0
1051 96.38 103.49 0
1040 95 254.16 0
979 95.81 141.28 0
1036 96.81 101.23 0
1035 95.85 101.04 0
1048 96.18 251.22 0
985 94.62 227.98 0
973 96.3 4253.37 0
1025 96.29 220.78 0
1048 95.61 256.87 0
970 94.85 183.23 0
1051 95.72 179.63 0
994 96.18 262.54 0
1057 95.46 102.53 0
964 96.89 144.18 0
1048 95.9 141.9 0
1038 95.86 139.09 0
1002 96.41 145.88 0
1033 94.68 179.18 0
1025 94.83 256.33 0
1096 94.25 104.9 0
1068 94.57 178.45 0
1016 95.47 219.05 0
1077 95.08 136.85 0
1057 94.61 179.8 0
976 96.82 226.78 0
984 97.05 185.18 0
1002 95.81 183 0
924 95.89 189.73 0
1031 94.67 181.7 0
963 95.12 185.69 0
983 95.93 108.2 0
972 93.21 186.02 0
1080 95.65 215.7 0
995 95.38 184.96 0
1048 94.27 105.87 0
1053 94.21 103.36 0
1041 94.43 103.11 0
959 95.41 227.72 0
990 95.25 105.88 0
979 96.53 145.69 0
1025 95.22 185.64 0
1016 96.06 223.36 0
1081 96.11 138.43 0
1064 94.55 139.94 0
1029 96.02 102.89 0
1038 96.53 298.4 0
1026 96.78 141.63 0
1047 95.03 108.71 0
1009 96.83 147.24 0
1021 96.38 144.22 0
1000 95.3 102.05 0
1012 96.15 143 0
1065 95.49 143.18 0
1076 96.1 178.78 0
999 96.6 184.21 0
1028 95.33 103.16 0
1107 95.12 138.46 0
1065 93.99 140.69 0
1070 95.05 214.56 0
1053 94.78 139.95 0
1038 96.63 220.4 0
1050 94.86 180.89 0
1009 96.63 185.18 0
1121 95.99 103.34 0
1050 94.76 256.15 0
1058 94.61 177.32 0
1038 95.86 7885.22 0
1124 95.64 137.05 0
1153 93.93 104.3 0
1130 95.58 209.87 0
1070 96.82 141.73 0
1190 95.88 172.8 0
1047 95.99 294.07 0
1072 95.62 140.51 0
1100 97.09 105.37 0
1147 95.9 206.12 0
1081 94.54 285.17 0
1135 95.95 136.39 0
1144 95.1 134.9 0
1090 95.05 136.86 0
1142 96.32 135.65 0
1087 95.03 209.98 0
1151 94.87 135.18 0
1131 95.58 101.44 0
1119 95.35 139.8 0
1126 95.47 241.41 0
1115 94.35 176.29 0
1135 94.45 135.41 0
1128 95.3 99.17 0
1246 95.83 165.03 0
1147 95.9 238.91 0
1116 94.98 135.12 0
1144 95.28 134.59 0
1282 95.16 101.37 0
1240 94.11 198.5 0
1257 95.07 127.69 0
1206 95.27 164.41 0
1142 94.66 132.67 0
1234 95.71 100.68 0
1177 95.33 133.82 0
1218 96.31 196.68 0
1212 95.79 131.83 0
1257 94.99 194.31 0
1199 95.08 197.66 0
1220 96.23 132.05 0
1244 94.21 161.85 0
1161 94.92 99.18 0
1280 95.39 95.88 0
1280 94.84 160.14 0
1323 94.86 190.27 0
1276 94.75 192.07 0
1226 95.92 99.95 0
1319 95.45 160.32 0
1183 94.76 200.88 0
1281 95.32 161.74 0
1293 95.05 96.84 0
1264 95.02 191.97 0
1272 95.2 129.91 0
1223 94.85 95.64 0
1252 95.85 241.08 0
1233 95.05 99.65 0
1273 94.58 336.22 0
1236 95.23 161.12 0
1203 95.76 233.96 0
1275 95.76 190.27 0
1246 95.59 194.7 0
1235 96.68 6640.3 0
1240 95.73 98.54 0
1226 96.33 133.33 0
1238 94.75 131.03 0
1056 94.79 136.74 0
1125 94.67 134.62 0
1110 96.76 134.02 0
1114 95.87 174.22 0
1106 95.3 241.12 0
1227 94.78 99.01 0
1178 95.25 131.91 0
1246 95.35 162.79 0
1194 94.89 97.13 0
1224 95.34 194.84 0
1290 95.5 192.06 0
1306 95.18 190.64 0
1299 94.38 125.9 0
1336 94.76 95.92 0
1290 96.2 193.12 0
1305 95.86 189.95 0
1290 95.81 99.88 0
1286 95.49 224.35 0
1258 95.07 133.58 0
1213 95.05 165.45 0
1234 95.71 97.63 0
1265 95.65 162.02 0
1381 95.15 186.49 0
1186 95.36 163.18 0
1212 95.13 196.63 0
1275 95.61 97.39 0
1306 95.79 221.13 0
1295 96.29 226.13 0
1232 95.94 195.91 0
1219 96.06 132.24 0
1269 95.43 192.36 0
1261 95.64 129.96 0
1232 94.81 95.39 0
1223 95.83 127.5 0
1246 95.26 162 0
1290 96.51 158.43 0
1209 95.45 131.12 0
1278 96.09 161.7 0
1244 96.3 130.34 0
1245 95.1 129.05 0
1242 94.61 197.06 0
1253 94.73 131.94 0
1238 94.91 202.54 0
1228 95.52 231.03 0
1200 95 164.84 0
1245 95.1 197.13 0
1217 94.49 133.05 0
1219 94.18 98.27 0
1232 96.19 130.63 0
1294 94.82 189.19 0
1277 95.14 223.88 0
1338 96.19 189.24 0
1291 93.65 129.15 0
1228 94.71 131.77 0
1247 95.27 133.78 0
1188 95.37 167.02 0
1374 95.27 3040.38 0
1275 95.92 131.68 0
1244 95.34 162.54 0
1265 95.89 98.36 0
1167 95.54 235.21 0
1296 95.45 160.89 0
1259 95 129.68 0
1281 95.24 160.84 0
1312 94.97 341.82 0
1242 95.57 196.93 0
1270 94.96 167.5 0
1253 96.01 162.51 0
1268 95.43 98.07 0
1219 95.24 164.97 0
1289 93.79 99.04 0
1248 95.67 132.05 0
1269 95.98 165.38 0
1123 95.37 106.76 0
1255 96.18 170.91 0
1281 95.63 165.19 0
1214 94.81 167.82 0
1225 95.43 137 0
1231 94.88 101.34 0
1252 95.53 134.03 0
1267 95.19 164.85 0
1177 94.99 137.47 0
1244 94.69 134.49 0
1207 95.03 232.97 0
1270 95.43 97.66 0
1203 96.59 132.43 0
1231 95.94 98.31 0
1241 96.13 99.96 0
1218 96.14 165.18 0
1202 97.25 165.89 0
1161 94.4 98.79 0
1189 94.95 265.13 0
1190 96.72 135.27 0
1240 95.4 164.41 0
1266 94.63 130.91 0
1195 97.49 132.44 0
1200 95.67 136.95 0
1211 96.04 133.37 0
1240 95.65 164.69 0
1214 96.46 196.92 0
1301 95.85 128.66 0
1248 96.31 193.78 0
1223 95.58 98.98 0
1167 96.57 237.79 0
1302 96.47 128 0
1216 95.81 200.27 0
1271 96.14 227.77 0
1229 95.77 130.63 0
1219 95.57 231.96 0
1235 95.22 99.14 0
1211 95.38 130.26 0
1234 96.27 325.85 0
1259 96.27 97.69 0
1227 95.03 229.52 0
1246 94.3 163.35 0
1261 95.32 97.56 0
1201 95.75 99.38 0
1156 95.07 172.38 0
1190 95.13 134.99 0
1300 95.77 196.43 0
1223 95.58 168.33 0
1200 94.92 301.8 0
1195 95.4 135.37 0
1236 94.66 295.64 0
1353 94.16 99.64 0
1301 97.31 191.84 0
1223 95.67 100.74 0
1234 94.98 133.01 0
1267 97.16 163.77 0
1262 95.4 193.37 0
1256 96.26 129.98 0
1314 96.04 160.61 0
1250 94.88 100.72 0
1305 96.09 190.97 0
1245 95.74 196.71 0
1173 95.82 240.35 0
1256 94.98 130.15 0
1303 96.32 162.51 0
1202 96.26 132.69 0
1226 95.43 166.87 0
1258 95.15 131.87 0
1339 94.85 101.12 0
1284 96.65 162.36 0
1280 94.84 132.72 0
1259 95.08 192.83 0
1303 94.32 159.8 0
1201 94.67 264.44 0
1264 95.89 195.85 0
1242 96.38 134.69 0
1245 95.42 165.28 0
1217 96.06 100.7 0
1234 96.35 166.33 0
1221 95.99 167.09 0
1173 97.19 168.97 0
1310 96.87 100.22 0
1233 96.92 164.16 0
1193 95.56 133.59 0
1178 95.93 137.17 0
1203 95.1 135.42 0
1281 96.02 131.94 0
1178 95.59 102.66 0
1151 95.66 134.01 0
1177 96.69 135.32 0
1182 95.94 205.34 0
1227 94.87 261.65 0
1237 96.2 100.04 0
1165 95.97 203.4 0
1164 96.22 135.38 0
1182 97.04 134.9 0
1125 96.53 174.48 0
1183 94.59 102.88 0
1106 95.3 171.75 0
1190 96.89 202.6 0
1104 95.65 105.52 0
1229 95.52 199.14 0
1152 94.79 173.36 0
1158 95.34 101.88 0
1187 96.04 103.87 0
1142 93.96 174.33 0
1088 94.58 140.84 0
1152 95.49 275.71 0
1178 96.26 205.22 0
1194 95.81 234.61 0
1124 96.44 176.3 0
1234 95.62 136.99 0
1239 94.92 231.79 0
1202 95.84 170.16 0
1182 96.36 273.19 0
1271 94.96 230.74 0
1266 95.5 133.61 0
1221 95.25 133.37 0
1231 95.78 199.43 0
1061 94.91 177.98 0
1161 95.43 210.65 0
1231 95.29 136.59 0
1147 95.99 100.83 0
1089 96.88 213.44 0
1079 96.29 105.54 0
1123 96.35 175.32 0
1183 95.27 136.91 0
1116 96.24 101.33 0
1141 95.53 211.14 0
1169 95.21 175.08 0
1100 95.18 212.55 0
1112 95.5 179.54 0
1052 95.53 140.19 0
1077 95.91 215.64 0
1007 95.83 145.7 0
1066 96.81 104.89 0
1051 95.34 219.92 0
1124 95.64 178 0
1182 95.35 104.19 0
1110 95.68 251.37 0
1019 96.86 144.43 0
1050 96.86 140.79 0
1067 95.88 142.31 0
1025 94.93 108.57 0
1070 94.49 103.16 0
1100 96.36 103.79 0
1069 95.7 106.57 0
1013 96.84 180.98 0
1019 94.8 142.11 0
1042 96.45 103.36 0
974 94.87 187.94 0
955 95.92 190.85 0
989 95.05 228.2 0
1046 94.55 259.71 0
944 95.66 193.39 0
960 96.25 354.45 0
945 96.93 110.25 0
968 95.66 232.72 0
956 94.56 106.73 0
961 94.9 106.85 0
1004 95.62 184.75 0
925 95.24 280.24 0
958 96.03 150.36 0
934 96.04 8761.28 1
976 95.8 235.77 0
921 95.77 152.44 0
944 95.97 152.44 0
940 96.7 107.94 0
914 96.61 198.33 0
889 96.4 152.5 0
957 94.98 149.04 0
953 97.17 150.24 0
886 96.05 155.5 0
911 96.38 245.42 0
905 96.24 246.71 0
910 97.03 327.58 0
885 96.16 243.17 0
876 95.32 152.3 0
886 96.16 202.38 0
825 95.03 260.23 0
955 96.75 193.48 0
898 95.43 197.38 0
934 95.4 110.56 0
844 95.85 111.33 0
901 96.45 110.65 0
899 97.89 289.58 0
890 96.07 248.47 0
839 95.95 116.58 0
873 96.45 453.18 0
845 94.32 336.68 0
836 93.06 273.23 0
859 95.34 210.8 0
821 95.49 114.72 0
838 95.35 158.27 0
913 94.3 291.35 0
878 95.79 156.17 0
822 95.86 260.76 0
861 96.63 160.24 0
815 96.32 308.69 0
953 94.54 156.78 0
883 94.68 110.27 0
812 94.7 114.13 0
874 94.39 207.18 0
864 94.44 157.14 0
846 96.1 253.26 0
818 95.35 111.49 0
826 95.4 110.01 0
832 95.67 113.77 0
768 95.7 239.74 0
869 95.4 361.91 0
828 94.57 107.79 0
821 95.62 210.8 0
866 96.19 113.99 0
867 95.62 250.44 0
828 94.2 113.35 0
810 94.44 258.26 0
830 96.14 206.38 0
832 96.39 209.4 0
796 96.61 162.32 0
809 96.54 211.32 0
806 96.65 216.09 0
834 98.08 207.78 0
806 96.15 310.68 0
824 95.87 9919.08 1
790 94.56 264.73 0
807 96.65 212.85 0
794 96.6 314.92 0
775 95.61 218.73 0
809 96.79 163.7 0
838 95.94 209.11 0
783 95.91 221.62 0
805 95.65 170.31 0
758 95.78 115.95 0
796 95.98 163.83 0
795 94.97 464.37 0
826 95.16 111 0
787 97.2 215.8 0
774 94.19 320.58 0
740 94.73 163.97 0
798 94.86 262.61 0
741 94.87 218.74 0
818 95.35 159.42 0
788 95.05 214.05 0
748 95.72 164.7 0
802 94.89 165.73 0
761 94.61 217.5 0
762 96.85 270.88 0
748 95.59 274.47 0
800 96.63 115.2 0
835 96.29 160.42 0
775 94.58 113.35 0
676 96.75 236.95 0
767 95.83 112.85 0
749 94.79 115.45 0
710 95.35 171.79 0
777 96.14 266.7 0
723 95.3 111.7 0
747 94.78 167.51 0
757 95.9 220.19 0
700 95.86 167.58 0
689 95.07 293.65 0
656 94.51 240.71 0
681 96.62 231.58 0
687 96.65 173.22 0
727 96.42 228.26 0
733 96.04 113.57 0
670 96.12 236.42 0
714 95.38 224.49 0
718 95.54 115.97 0
706 97.03 283.47 0
675 95.26 175.04 0
672 95.83 293.93 0
704 95.17 169.95 0
647 96.29 423.63 0
718 95.4 113.11 0
678 96.46 175.41 0
647 94.59 177.22 0
662 96.07 177.73 0
707 97.31 170.26 0
699 95.71 230.96 0
655 95.27 114.08 0
619 96.45 245.07 0
614 94.3 117.95 0
628 94.75 119.58 0
621 96.14 120.81 0
572 94.58 325.34 0
566 94.35 263.36 0
614 95.28 183.87 0
627 94.58 245.48 0
618 95.47 181.54 0
674 96.14 299.48 0
630 96.67 112.7 0
637 95.76 181.38 0
631 96.04 185.28 0
642 97.04 182.34 0
645 96.43 180.39 0
648 94.44 300.94 0
646 95.67 178.43 0
622 96.95 249.49 0
614 95.44 183.55 0
586 93.69 185.35 0
601 96.01 251.86 0
621 97.26 249.58 0
506 97.04 120.26 0
548 95.8 117.05 0
610 94.92 121.29 0
636 95.6 180.34 0
569 95.96 192.71 0
609 93.76 123.61 0
570 94.91 188.09 0
599 93.49 116.16 0
495 95.96 278.44 0
518 96.33 427.01 0
583 96.05 123.84 0
542 95.2 342.96 0
544 94.12 113.64 0
576 95.66 263.3 0
557 95.69 195.02 0
530 94.91 128.78 0
541 95.93 270.87 0
555 93.33 192.96 0
607 96.05 257.45 0
518 97.68 130.16 0
555 95.14 195.02 0
591 96.11 189.54 0
569 96.31 261.57 0
561 95.9 193.91 0
508 96.46 118.27 0
498 96.39 196.06 0
533 96.81 192.29 0
622 96.14 250.23 0
520 95 118.07 0
493 96.55 198.41 0
569 97.72 192.09 0
527 97.91 195.91 0
485 97.94 201.88 0
503 97.22 206.6 0
469 96.38 119.92 0
500 96.2 124.44 0
485 95.88 284.91 0
510 93.73 120.69 0
500 95.6 201.31 0
461 96.31 385.03 0
489 93.05 8385.45 1
438 95.66 121.57 0
505 93.66 196.01 0
514 95.14 126.07 0
524 95.23 204.01 0
539 95.92 122.27 0
550 96.18 122.19 0
526 95.82 200.42 0
522 95.21 271.92 0
452 94.03 297.01 0
489 97.34 282.29 0
446 95.07 121.5 0
436 94.72 211.75 0
430 95.35 220.32 0
472 96.4 125.33 0
415 96.63 218.78 0
418 95.93 121.62 0
460 95.87 212.56 0
474 96.62 287.59 0
467 97.43 210.51 0
479 97.29 121.37 0
462 96.54 126.49 0
426 96.71 224.9 0
410 94.15 222.26 0
458 95.2 388.53 0
399 94.49 127.18 0
414 94.69 322.04 0
398 96.98 328.51 0
422 95.73 123.37 0
392 95.15 227.06 0
428 95.56 124.62 0
389 97.17 117.12 0
404 97.77 320.27 0
451 97.12 123.14 0
414 95.41 217.96 0
400 95.75 224.2 0
409 96.82 321.39 0
392 96.43 227.54 0
410 94.63 217.15 0
373 96.78 445.35 0
396 95.96 124.53 0
360 96.11 129.54 0
361 95.29 233.36 0
363 96.14 237.96 0
326 98.47 247.66 0
372 98.92 348.58 0
354 97.46 126.87 0
382 95.03 126.63 0
338 94.08 245.4 0
348 94.25 121.41 0
356 96.07 124.95 0
394 95.69 219.07 0
353 96.32 232.96 0
322 96.27 125.84 0
343 96.5 120.42 0
317 95.9 120.17 0
291 95.88 122.7 0
311 96.14 253.37 0
336 95.83 123.95 0
327 95.41 258.72 0
302 93.05 13511.3 1
274 96.35 776.51 0
316 95.89 121.6 0
252 96.43 443.79 0
289 95.16 276.33 0
279 96.42 122.44 0
295 94.58 122.5 0
244 95.9 287.3 0
256 95.7 275.18 0
271 97.05 125.82 0
298 96.31 125.25 0
249 96.79 127.39 0
276 96.01 122.75 0
246 95.53 290.45 0
266 95.11 121.99 0
275 96 119.51 0
294 96.94 124.21 0
255 95.69 119.72 0
242 95.45 118.76 0
261 98.08 129.57 0
265 98.11 123.42 0
215 94.88 122.45 0
246 96.34 121.88 0
212 94.81 312.26 0
203 96.55 123.82 0
253 96.05 119.02 0
214 97.2 127.71 0
201 95.52 123.02 0
226 96.02 130.88 0
220 96.36 127.4 0
201 95.02 328.06 0
207 94.69 134.35 0
187 96.79 336.81 0
205 97.56 126.43 0
195 97.95 342.06 0
173 95.95 121.13 0
186 96.77 337.53 0
179 95.53 124.63 0
173 96.53 126.2 0
155 93.55 380.73 0
160 96.25 623.36 0
167 95.81 129.62 0
185 96.22 173.74 0
175 96 118.88 0
160 97.5 129.99 0
141 96.45 407.35 0
137 96.35 419.41 0
150 96.67 310.7 0
143 93.01 135.4 0
184 95.65 352.36 0
182 97.25 121.12 0
157 96.18 384.52 0
148 95.95 395.68 0
154 96.1 127.51 0
159 96.86 125.74 0
131 99.24 128.78 0
185 96.22 138.24 0
178 97.19 132.11 0
148 98.65 136.59 0
144 95.83 675.42 0
126 96.03 125.58 0
125 96 129.11 0
121 99.17 457.79 0
138 97.83 147.08 0
106 99.06 138.9 0
110 97.27 134.08 0
128 95.31 123.02 0
138 96.38 136.81 0
130 96.15 121.47 0
119 96.64 141.42 0
110 96.36 127.73 0
137 94.16 426.56 0
136 97.79 123.6 0
118 95.76 811.2 0
117 96.58 125.21 0
102 97.06 523.98 0
96 98.96 131.96 0
123 94.31 125.5 0
107 95.33 123.94 0
98 97.96 133.21 0
115 95.65 121.46 0
126 94.44 442.67 0
120 98.33 126.11 0
108 91.67 490.07 0
90 100 123.7 0
101 96.04 127.16 0
77 96.1 118.95 0
81 96.3 127.77 0
92 96.74 126.92 0
68 94.12 709.57 0
97 90.72 536.67 0
88 93.18 130.08 0
66 96.97 125.41 0
97 97.94 127.28 0
110 97.27 487.35 0
78 91.03 121.77 0
90 97.78 120.9 0
95 98.95 121.61 0
82 98.78 128.95 0
103 98.06 124.04 0
93 94.62 121.97 0
86 95.35 120.14 0
103 97.09 542.52 0
93 96.77 124.84 0
72 95.83 682.25 0
98 96.94 124.48 0
94 96.81 120.87 0
89 97.75 127.19 0
74 95.95 126.69 0
86 94.19 599.41 0
72 97.22 127.89 0
74 93.24 130.69 0
69 97.1 129.28 0
82 91.46 120.74 0
67 91.04 122.36 0
60 95 132.27 0
77 96.1 643.53 0
58 94.83 126.74 0
83 97.59 122.61 0
77 97.4 128 0
88 92.05 124.64 0
