0604 2 0 97057 3
0446 5 60 122.8 3
0403 6 50 135.33 3
0408 6 50 101.17 3
0515 6 66.67 162.67 3
0529 6 66.67 101.17 3
0255 7 71.43 103 3
0420 7 71.43 102.29 3
0433 7 71.43 87.71 3
0500 7 71.43 162.29 3
0522 7 71.43 101.57 3
0409 8 75 132.63 3
0411 8 50 48208.25 3
0449 8 75 106 3
0546 8 75 93.25 3
0256 9 77.78 104.44 3
0349 9 77.78 100.78 3
0350 9 77.78 99.44 3
0401 9 0 96268.56 3
0403 9 77.78 105.56 3
0404 9 77.78 132.67 3
0439 9 77.78 104.33 3
0441 9 77.78 130.44 3
0445 9 77.78 100.33 3
0500 9 77.78 128.56 3
0408 10 60 123.3 3
0431 11 72.73 132.18 3
0508 11 72.73 94.18 3
0509 11 72.73 110.27 3
0327 12 75 100.25 3
0417 12 75 121.83 3
0506 12 75 95.75 3
0342 13 76.92 98.92 3
0403 13 76.92 101.46 3
0445 13 76.92 98.46 3
0309 14 78.57 99.43 3
0409 14 71.43 101.43 3
0414 14 78.57 110.71 3
0419 14 64.29 100.5 3
0507 14 71.43 101.21 3
0353 15 73.33 165.87 3
0402 16 43.75 54473.31 3
0603 16 0 94563.75 3
0230 17 70.59 101.88 3
0324 17 76.47 98.06 3
0345 17 76.47 130 3
0356 17 76.47 129.76 3
0454 17 76.47 131.65 3
0602 17 0 94711.24 3
0256 18 77.78 95.33 3
0331 19 78.95 120.74 3
0420 19 73.68 140 3
0455 19 68.42 101.21 3
0321 20 75 106.15 3
0341 20 75 102.45 3
0601 21 0 96813.48 3
0515 22 77.27 101.68 3
0203 23 78.26 1837.3 3
0217 24 79.17 94.42 3
0259 29 96.55 278727.93 3
0600 31 3.23 93418.42 3
0059 33 96.97 122519.55 3
0559 33 90.91 244948.33 3
0637 35 77.14 102.17 3
0138 36 77.78 107.83 3
0128 37 78.38 110.14 3
0559 42 97.62 192478.74 3
2359 47 100 16256411.17 3
2359 73 95.89 20932704.64 3
2359 105 98.1 7276670.06 3
2359 112 94.64 6821913.8 3
2359 219 97.72 3488874.72 3
0443 17 82.35 106.12 2
0323 18 83.33 130.89 2
0323 18 83.33 119.83 2
0325 18 83.33 101.17 2
0338 18 83.33 98.83 2
0359 18 83.33 135.39 2
0458 18 83.33 97.33 2
0502 18 83.33 173.89 2
0613 18 83.33 145.39 2
0628 18 83.33 136.72 2
0214 19 84.21 103.74 2
0221 19 84.21 102.42 2
0354 19 84.21 104.74 2
0356 19 84.21 106.42 2
0420 19 84.21 105.47 2
0421 19 84.21 99.05 2
0639 19 84.21 96.79 2
0300 20 80 94.9 2
0416 20 80 136.85 2
0419 20 80 101 2
0435 20 80 5037.2 2
0516 20 80 3055.7 2
0240 21 80.95 96.24 2
0327 21 80.95 125.14 2
0336 21 80.95 138.9 2
0438 21 80.95 105.57 2
0530 21 80.95 138.14 2
0640 21 80.95 93.38 2
0242 22 81.82 106.91 2
0352 22 81.82 101.09 2
0415 22 81.82 100 2
0424 22 81.82 101.59 2
0232 23 82.61 1840.74 2
0306 23 82.61 123.7 2
0502 23 82.61 101.35 2
0523 23 82.61 99.17 2
0531 23 82.61 4287.65 2
0226 24 83.33 98.92 2
0243 24 83.33 127.67 2
0335 24 83.33 100.63 2
0602 24 83.33 99.5 2
0141 25 84 97.68 2
0241 25 80 1735.12 2
0252 25 84 104.24 2
0535 25 84 128.32 2
0229 26 84.62 106.23 2
0300 26 84.62 102.58 2
0347 26 84.62 100.69 2
0427 26 80.77 104.23 2
0439 26 84.62 126.54 2
0510 26 84.62 128.19 2
0515 28 82.14 103.57 2
0554 29 82.76 107.38 2
0514 30 83.33 101.67 2
0230 32 84.38 99.78 2
0535 32 81.25 6097.13 2
0206 33 81.82 105.67 2
0328 33 84.85 101.52 2
0408 33 84.85 3012.94 2
0524 34 82.35 121.06 2
0405 35 82.86 108.83 2
0523 35 82.86 1242.14 2
0240 36 83.33 103.31 2
0636 39 84.62 115.62 2
0059 41 97.56 98649.46 2
0528 41 80.49 98.29 2
0211 42 83.33 193.31 2
0143 53 84.91 860.43 2
0659 56 91.07 72242.93 2
2358 63 84.13 96.7 2
0059 68 100 59519.24 2
0059 76 98.68 53267.82 2
0005 96 89.58 7118.91 1
0020 96 87.5 538.77 1
0109 101 89.11 102.7 1
0059 103 95.15 39328.5 1
2309 105 89.52 96.89 1
2348 105 88.57 105.53 1
2344 107 88.79 128.65 1
0623 116 88.79 99.67 1
2259 116 98.28 34921.23 1
0059 123 96.75 32952.82 1
2258 123 89.43 95.58 1
0641 125 88.8 98.14 1
2303 126 87.3 87.34 1
2159 139 97.12 29159.99 1
0759 153 98.04 26504.36 1
0044 159 89.94 112.75 1
2059 174 96.55 23310.56 1
0659 176 94.89 23052.84 1
0759 186 97.85 21817.69 1
0659 195 91.28 20817.1 1
0759 208 95.67 19523 1
2355 212 89.15 95.9 1
2059 223 95.96 18211.65 1
0759 227 95.15 17897.35 1
2059 227 94.27 17890.56 1
0659 234 94.02 17362 1
2259 234 96.58 17365.38 1
0659 239 96.65 17002.31 1
0659 254 97.64 16003.13 1
1859 266 93.61 30464.68 1
1759 290 96.21 14025.08 1
2059 290 96.21 27961.34 1
2159 302 93.05 13511.3 1
2159 334 97.31 12215.58 1
0859 335 96.72 12156.62 1
1959 347 97.41 11737.11 1
2159 367 95.64 22106.66 1
2259 391 98.47 10423.7 1
1159 395 96.71 10323.68 1
1959 422 93.13 19238.74 1
0859 458 96.29 17733.36 1
1859 492 95.53 16509.27 1
2059 519 95.76 15660.39 1
2059 589 94.06 20695.93 1
2059 595 95.8 13704.83 1
0759 620 96.94 19639.63 1
0959 629 96.82 12932.56 1
0759 634 95.74 12833.8 1
0759 651 94.93 12500.19 1
1059 651 95.08 12500.08 1
1959 656 93.9 12406.03 1
2159 673 94.8 18094.57 1
1959 713 96.21 11444.26 1
1959 734 96.19 11122.67 1
1359 741 96.63 10987.41 1
1959 775 95.87 10509.45 1
1559 777 96.27 10485.01 1
2059 883 95.7 18386.07 1
1859 977 96.01 16619.5 1
1759 995 96.48 20380.54 1
1859 995 96.38 12258.99 1
1259 1096 95.62 11135.68 1
1259 1124 95.28 21699 1
1059 1130 96.99 10807.03 1
1659 1157 95.25 14041.27 1
1159 1200 94.83 13566.44 1
1359 1209 95.12 10096.68 1
1459 1210 94.71 10090.89 1
1959 1221 95.41 10002.8 1
1259 1250 94.96 13030.22 1
1059 1255 95.86 12979.16 1
1059 1344 96.43 21142.11 1
0647 127 97.64 124.69 0
0722 127 96.85 99.88 0
0741 127 96.06 98.63 0
2149 127 96.06 102.15 0
2217 127 92.91 94.48 0
2314 127 97.64 94.78 0
2317 127 96.85 94.46 0
2348 127 94.49 99.94 0
2355 127 94.49 96.28 0
0002 128 97.66 97.03 0
0009 128 96.88 91.57 0
0018 128 99.22 103.48 0
0030 128 96.88 104.84 0
0634 128 97.66 431.79 0
0638 128 94.53 415.09 0
0641 128 96.88 97.23 0
0644 128 97.66 133.39 0
0650 128 96.88 124.29 0
0742 128 95.31 103.39 0
0746 128 96.09 103.69 0
2151 128 96.88 92.09 0
2214 128 98.44 106.09 0
2217 128 98.44 429.72 0
2259 128 96.09 93.7 0
2301 128 93.75 95.73 0
2305 128 92.97 404.17 0
2305 128 95.31 123.02 0
2314 128 91.41 96.82 0
2330 128 96.09 413.4 0
2331 128 94.53 410.65 0
2331 128 94.53 94.45 0
0002 129 98.45 406.98 0
0002 129 93.8 92.74 0
0016 129 96.12 98.98 0
0033 129 95.35 106.21 0
0046 129 99.22 98.61 0
0105 129 97.67 124.12 0
0624 129 99.22 408.42 0
0625 129 93.02 408.09 0
0636 129 96.9 128.17 0
0636 129 96.12 98.6 0
0733 129 96.12 103.74 0
0743 129 96.12 98.28 0
2157 129 96.12 101.12 0
2200 129 99.22 93.09 0
2205 129 95.35 94.74 0
2240 129 94.57 101.84 0
2255 129 92.25 97.6 0
2259 129 96.9 92.98 0
2300 129 98.45 97.29 0
2304 129 99.22 430.48 0
2304 129 93.8 99.66 0
2304 129 95.35 92.82 0
2309 129 92.25 108.22 0
2334 129 96.12 99.09 0
0003 130 94.62 403.79 0
0013 130 100 132.8 0
0034 130 97.69 407.97 0
0055 130 93.85 105.86 0
0628 130 99.23 102.25 0
0649 130 96.92 412.08 0
0732 130 97.69 98.66 0
0735 130 96.15 97.38 0
0735 130 97.69 96.52 0
2148 130 98.46 93.71 0
2201 130 95.38 93.43 0
2205 130 98.46 91.77 0
2213 130 96.15 94.43 0
2218 130 96.15 101.92 0
2218 130 96.15 95.05 0
2257 130 99.23 427.15 0
2258 130 96.15 126.46 0
0055 41 78.05 102.54 3
0059 58 93.1 139426.03 3
0130 30 76.67 95.37 3
0144 9 77.78 92.89 3
0153 17 76.47 90.35 3
0159 15 100 269436 3
0159 30 100 134762.77 3
0212 24 79.17 92 3
0217 17 76.47 11441 3
0228 18 72.22 10755.39 3
0240 12 75 101.92 3
0245 24 79.17 97.92 3
0246 19 63.16 2207.63 3
0248 9 77.78 93.11 3
0255 9 77.78 101.33 3
0302 17 76.47 87.12 3
0303 23 78.26 99.52 3
0307 23 73.91 100.09 3
0308 13 76.92 144.54 3
0309 14 78.57 107 3
0310 9 77.78 96.22 3
0311 9 77.78 92.89 3
0312 8 75 93.63 3
0314 15 73.33 101.33 3
0315 11 63.64 103.91 3
0315 14 78.57 98.21 3
0321 4 75 82 3
0325 8 75 100.75 3
0329 21 76.19 2002.71 3
0330 15 73.33 139.2 3
0331 12 75 107.83 3
0332 11 63.64 102.18 3
0334 6 66.67 89.33 3
0335 3 66.67 113 3
0336 18 77.78 110.39 3
0337 9 66.67 107 3
0337 14 78.57 108.14 3
0341 9 77.78 100.89 3
0342 7 71.43 744.86 3
0343 16 75 99.19 3
0345 5 60 101.2 3
0345 8 75 102.38 3
0345 24 75 107.67 3
0346 4 50 1306 3
0347 11 63.64 155.91 3
0348 9 77.78 85 3
0349 8 75 88.63 3
0352 9 77.78 94.78 3
0352 16 75 96.25 3
0359 13 92.31 310858.23 3
0359 15 93.33 269425.8 3
0359 20 100 202097.6 3
0400 14 78.57 118.29 3
0404 14 78.57 96.86 3
0408 5 60 101 3
0408 28 78.57 122.57 3
0410 9 66.67 183.11 3
0412 10 70 101.5 3
0413 8 75 105.13 3
0413 12 75 97.17 3
0414 11 63.64 103.09 3
0416 8 75 90 3
0417 18 72.22 108.28 3
0418 8 75 111.38 3
0420 3 66.67 13408.33 3
0420 8 75 116.75 3
0429 5 60 101.4 3
0434 12 66.67 103 3
0434 12 75 89.33 3
0435 9 77.78 122.89 3
0437 9 77.78 114.56 3
0437 9 77.78 95.89 3
0439 4 75 99 3
0439 10 70 103.8 3
0440 11 72.73 95.91 3
0440 12 75 109.25 3
0440 12 66.67 99.25 3
0443 9 77.78 104.56 3
0443 13 76.92 101.69 3
0444 2 50 102 3
0444 4 75 100.5 3
0446 6 50 100.5 3
0446 12 75 105.33 3
0447 2 50 100 3
0447 12 75 104.33 3
0448 9 77.78 93.78 3
0448 12 66.67 98.25 3
0451 8 75 85.63 3
0451 12 75 88.42 3
0454 3 66.67 114 3
0454 6 66.67 89.33 3
0454 8 62.5 93 3
0456 7 71.43 115.57 3
0456 19 78.95 93.42 3
0501 11 72.73 109.73 3
0503 10 70 93.1 3
0504 19 78.95 101.53 3
0505 14 78.57 103.14 3
0505 16 75 128 3
0506 9 77.78 100.67 3
0514 13 69.23 100.69 3
0516 14 78.57 96.36 3
0516 17 76.47 103.59 3
0520 8 75 101.25 3
0522 7 71.43 89.29 3
0522 9 77.78 101.44 3
0522 9 77.78 94.56 3
0525 8 75 92.5 3
0526 16 75 95.88 3
0529 14 78.57 94.21 3
0531 13 76.92 101.31 3
0531 16 75 101.75 3
0536 22 77.27 94.41 3
0541 9 77.78 100.22 3
0544 18 66.67 102.22 3
0557 3 66.67 77.67 3
0559 22 77.27 101.09 3
0559 62 98.39 130423.1 3
0614 16 68.75 101.38 3
2359 60 98.33 25468094.22 3
2359 65 93.85 11754559.55 3
2359 67 94.03 11403676.54 3
0028 66 84.85 106.52 2
0047 48 83.33 112.38 2
0059 53 94.34 76324.87 2
0107 33 81.82 100.61 2
0129 26 84.62 97.08 2
0131 27 81.48 98.26 2
0135 24 83.33 171.79 2
0144 26 84.62 92.92 2
0146 33 84.85 100.55 2
0153 22 81.82 98.32 2
0156 20 85 104.55 2
0158 24 83.33 109.46 2
0158 37 83.78 95.22 2
0200 20 80 98.75 2
0204 12 83.33 118.83 2
0210 21 80.95 92.62 2
0210 31 83.87 95.94 2
0211 20 80 99.25 2
0213 13 84.62 101 2
0214 26 84.62 100 2
0218 13 84.62 99.31 2
0218 20 85 104.1 2
0219 18 83.33 90.83 2
0220 17 82.35 9036.53 2
0225 25 80 107.28 2
0227 16 81.25 12168 2
0228 25 84 103 2
0229 11 81.82 6551.82 2
0233 11 81.82 101.09 2
0234 19 84.21 105.05 2
0235 12 83.33 94.67 2
0236 20 85 101 2
0239 13 84.62 95.08 2
0243 15 80 99.73 2
0243 25 84 120.32 2
0244 28 82.14 167.61 2
0251 13 84.62 99.23 2
0252 16 81.25 112.38 2
0252 16 81.25 102.56 2
0253 10 80 101.7 2
0254 10 80 100.4 2
0254 13 84.62 106.92 2
0256 20 80 94.55 2
0256 24 83.33 98.79 2
0256 27 81.48 99.33 2
0257 16 81.25 92.19 2
0301 26 84.62 230.19 2
0303 5 80 8122.4 2
0303 18 83.33 96.83 2
0304 10 80 121.6 2
0308 24 83.33 98.33 2
0309 11 81.82 115.45 2
0309 20 80 109.95 2
0310 13 84.62 95.23 2
0311 11 81.82 94.64 2
0312 6 83.33 95 2
0313 12 83.33 102.08 2
0315 12 83.33 106.58 2
0318 15 80 98.73 2
0323 16 81.25 97.88 2
0325 16 81.25 96.5 2
0327 12 83.33 101.5 2
0327 13 84.62 95.92 2
0328 15 80 217.13 2
0328 18 83.33 107.83 2
0330 10 80 103.8 2
0332 11 81.82 101.82 2
0333 18 83.33 98.61 2
0335 13 84.62 110.77 2
0336 13 84.62 117.23 2
0337 10 80 188.9 2
0337 13 84.62 108.38 2
0337 19 84.21 101.68 2
0338 11 81.82 498.27 2
0338 13 84.62 102.85 2
0338 19 84.21 106.16 2
0338 30 80 108.1 2
0339 20 85 98.05 2
0341 11 81.82 92.09 2
0341 12 83.33 99.83 2
0342 18 83.33 97.78 2
0344 18 83.33 2311 2
0345 5 80 101.2 2
0345 10 80 151.4 2
0346 17 82.35 98.94 2
0348 13 84.62 98.62 2
0350 26 84.62 93.23 2
0351 15 80 96.4 2
0352 6 83.33 89.83 2
0352 19 84.21 102.63 2
0352 20 80 103.05 2
0353 24 83.33 105.33 2
0354 10 80 124.1 2
0354 11 81.82 104.73 2
0354 13 84.62 103.15 2
0356 20 85 106.5 2
0358 6 83.33 89.33 2
0358 17 82.35 88.35 2
0359 12 83.33 99.58 2
0400 6 83.33 100.67 2
0400 6 83.33 94 2
0400 10 80 100.8 2
0400 18 83.33 95.33 2
0401 16 81.25 99.69 2
0401 19 84.21 94.42 2
0404 11 81.82 102.64 2
0404 12 83.33 113.5 2
0409 11 81.82 109 2
0409 13 84.62 98.54 2
0412 11 81.82 86.18 2
0412 19 84.21 104.63 2
0413 5 80 101.6 2
0414 12 83.33 94.42 2
0414 13 84.62 121.23 2
0414 19 84.21 99.32 2
0415 11 81.82 101.45 2
0415 15 80 95 2
0415 20 85 103.25 2
0415 25 84 115.76 2
0416 6 83.33 102.17 2
0417 6 83.33 100.83 2
0417 11 81.82 152 2
0610 49 85.71 105.84 1
0108 50 86 110 1
0101 51 88.24 102.2 1
0052 52 86.54 131.06 1
0601 53 88.68 110.38 1
0613 53 88.68 108.92 1
2341 53 88.68 101.55 1
2335 54 87.04 93.63 1
0618 55 89.09 826.67 1
2340 55 87.27 91.47 1
2351 55 87.27 830.22 1
0618 56 89.29 97.68 1
2334 56 89.29 95.73 1
2345 56 89.29 810.93 1
0028 57 89.47 103.09 1
0029 58 89.66 105.9 1
0038 59 89.83 100.75 1
2337 59 88.14 770.8 1
0614 60 86.67 103.72 1
0620 60 86.67 116.78 1
2346 60 86.67 99.58 1
0638 61 88.52 98.59 1
0642 62 88.71 101.4 1
2332 62 88.71 95.89 1
2330 64 89.06 93.72 1
2339 64 89.06 93.77 1
2353 64 89.06 717.13 1
0023 65 89.23 99.45 1
2357 65 89.23 95.77 1
0646 66 89.39 709.09 1
2346 66 89.39 103.55 1
2358 66 89.39 96.71 1
0052 67 89.55 106.61 1
2356 67 89.55 693.61 1
0024 68 86.76 103.29 1
2326 68 89.71 105.72 1
2326 68 89.71 94.22 1
2338 68 89.71 96.99 1
2352 68 89.71 108.57 1
0639 70 87.14 671.71 1
2337 70 87.14 681.21 1
2357 70 87.14 98.19 1
0021 72 88.89 103.97 1
2357 72 87.5 90.85 1
2358 72 88.89 651 1
2351 73 87.67 124.77 1
2325 74 89.19 133.93 1
2350 74 89.19 98.93 1
2357 74 86.49 91.49 1
0615 75 89.33 102.71 1
0633 76 89.47 104.45 1
2348 77 89.61 94.08 1
0011 79 89.87 119.06 1
2246 82 89.02 103.04 1
2323 83 87.95 97.18 1
2327 85 89.41 127.47 1
2349 86 89.53 102.19 1
0658 88 89.77 104.8 1
2251 88 89.77 96.75 1
2259 89 95.51 45485.3 1
2257 90 87.78 97.73 1
2259 92 91.3 44002.25 1
2318 92 86.96 97.39 1
2311 93 89.25 91.11 1
0642 95 88.42 101.34 1
0654 101 89.11 99.93 1
2305 103 89.32 94.78 1
2328 108 89.81 95.05 1
2243 114 86.84 89.14 1
2246 117 88.89 91.85 1
2259 119 99.16 34043.24 1
2305 119 89.92 92.18 1
2315 125 88.8 92.64 1
2237 126 89.68 96.38 1
2253 126 88.89 109.13 1
2318 126 88.89 741.5 1
2247 136 89.71 125.4 1
2239 147 89.8 675.14 1
2159 180 96.67 22535.25 1
0659 192 96.35 21140.68 1
2159 192 96.35 21143.06 1
0659 211 97.16 19241.63 1
2159 211 97.63 19237.46 1
2237 214 88.32 91.71 1
2159 226 96.46 35854 1
2159 252 95.63 32159.3 1
2159 254 96.06 16003.98 1
2159 258 94.57 15749.92 1
0659 263 95.82 15460.89 1
0759 263 93.16 30821.2 1
2159 285 94.39 14269.39 1
0759 296 96.28 13737.23 1
0759 333 95.8 24365.62 1
2059 337 95.25 12081.53 1
2059 372 96.77 10946.38 1
0759 388 95.88 10499.9 1
0759 397 95.47 20453.4 1
2059 439 94.76 36897.15 1
2059 451 96.23 17999.72 1
2059 465 96.56 17464.83 1
0759 497 95.37 24467.41 1
1859 533 96.06 15250.89 1
2059 536 97.01 15164.69 1
1959 577 96.71 14092.49 1
0759 600 97.33 13556.06 1
1959 628 96.02 12959.21 1
1959 632 96.04 12880.66 1
1859 639 95.15 12731.52 1
0759 658 97.87 12370.49 1
0759 663 95.93 18366.99 1
1959 664 95.18 12251.37 1
1959 670 96.12 18176.28 1
1159 685 95.18 11877.13 1
1959 713 97.62 11412.79 1
1159 725 94.34 11228.24 1
1959 735 95.65 16575.2 1
1159 745 95.57 10927.76 1
0959 779 95.12 10453.97 1
1659 785 96.18 10378.3 1
1759 785 96.05 10378.64 1
1959 785 94.78 15532.21 1
1959 801 97.75 10174.46 1
0738 458 95.63 264.66 0
0745 458 95.2 89.5 0
0809 458 95.85 265.41 0
1901 458 95.63 93.66 0
2012 458 95.41 171.59 0
2016 458 94.1 171.21 0
2036 458 95.63 86.42 0
2037 458 96.72 182.77 0
2047 458 95.85 184.66 0
2100 458 96.29 181.95 0
2102 458 96.07 178.71 0
2103 458 95.85 264.99 0
2115 458 96.29 175.02 0
2122 458 96.94 90.85 0
0745 459 97.39 264.42 0
0803 459 97.39 267.34 0
0812 459 98.26 89.59 0
0824 459 94.77 262.76 0
1913 459 94.12 177.05 0
2001 459 96.95 179.24 0
2025 459 95.21 83.53 0
2033 459 96.08 263.59 0
2041 459 93.9 174.01 0
2053 459 97.17 173.88 0
2055 459 96.95 174.81 0
2055 459 95.21 84.24 0
2111 459 96.95 172.61 0
2119 459 95.42 87.34 0
0721 460 98.26 176.74 0
0739 460 95.22 366.24 0
0804 460 94.35 264.58 0
0805 460 94.78 175.37 0
0807 460 96.96 87.18 0
0808 460 96.09 182.88 0
0809 460 97.83 92.59 0
0816 460 96.09 180.16 0
0859 460 96.96 8874.54 0
1912 460 94.35 86.45 0
1914 460 94.35 92.01 0
1922 460 96.52 173.77 0
1937 460 95.22 174.58 0
2034 460 95.43 179.85 0
2035 460 96.52 179.21 0
2036 460 97.83 84.94 0
2039 460 96.09 80.92 0
2053 460 94.78 88.52 0
2056 460 94.57 85.8 0
2101 460 95.22 350.07 0
2106 460 97.83 96.12 0
2121 460 94.78 305.84 0
0801 461 95.88 179.73 0
0805 461 97.61 88.48 0
1909 461 96.53 87.93 0
1946 461 95.01 89 0
2023 461 95.44 172.8 0
2044 461 96.1 174.08 0
2045 461 96.75 175.23 0
2047 461 96.96 90.89 0
2052 461 96.53 261 0
2102 461 96.96 94.95 0
2103 461 94.79 186.41 0
2106 461 96.53 88.14 0
2120 461 96.75 89.43 0
0740 462 95.24 182.05 0
0743 462 94.16 91.14 0
0752 462 96.75 177.72 0
0800 462 96.75 253.89 0
1837 462 97.4 179.73 0
1855 462 95.89 267.68 0
1917 462 96.54 92.22 0
2001 462 96.54 91.75 0
2014 462 96.1 175.83 0
2022 462 97.19 84.88 0
2033 462 95.45 87.98 0
2050 462 94.59 342.73 0
2050 462 97.19 89.32 0
2117 462 94.16 179.05 0
2123 462 96.75 263.22 0
0806 463 96.98 175.53 0
0806 463 97.19 87.43 0
1816 463 94.38 88.52 0
1919 463 95.03 85.83 0
1940 463 96.54 91.15 0
1941 463 96.33 176.66 0
2003 463 97.19 176.44 0
2038 463 97.41 348.95 0
2038 463 96.76 187.08 0
2100 463 95.25 90.22 0
2115 463 94.38 354.88 0
2115 463 95.68 99.58 0
0746 464 95.47 91.72 0
0802 464 95.04 173.54 0
0811 464 95.26 89.27 0
0825 464 96.55 87.46 0
1856 464 96.98 261.45 0
2018 464 96.55 87.98 0
2026 464 95.04 177.69 0
2041 464 96.12 177.52 0
2042 464 95.04 84.78 0
2044 464 94.18 86.55 0
2049 464 96.77 86.66 0
2107 464 97.2 173.32 0
2107 464 96.12 168.46 0
0758 465 96.56 179.13 0
1930 465 95.48 175.35 0
1941 465 96.56 257.48 0
2014 465 96.56 178.73 0
2021 465 93.12 260.07 0
2028 465 94.19 85.05 0
2028 465 95.91 80.11 0
2036 465 94.84 84.91 0
2037 465 94.41 86.37 0
2048 465 96.13 171.88 0
2101 465 96.56 342.26 0
2116 465 96.13 88.93 0
2122 465 95.05 89.38 0
0723 466 96.78 263.6 0
0724 466 96.14 89.08 0
0733 466 95.06 177.93 0
0738 466 95.49 102.45 0
0752 466 97.21 86.17 0
0758 466 92.49 90.36 0
