33 96.97 122519.55 3
37 78.38 110.14 3
36 77.78 107.83 3
23 78.26 1837.3 3
24 79.17 94.42 3
17 70.59 101.88 3
7 71.43 103 3
9 77.78 104.44 3
18 77.78 95.33 3
29 96.55 278727.93 3
14 78.57 99.43 3
20 75 106.15 3
17 76.47 98.06 3
12 75 100.25 3
19 78.95 120.74 3
20 75 102.45 3
13 76.92 98.92 3
17 76.47 130 3
9 77.78 100.78 3
9 77.78 99.44 3
15 73.33 165.87 3
17 76.47 129.76 3
9 0 96268.56 3
16 43.75 54473.31 3
6 50 135.33 3
9 77.78 105.56 3
13 76.92 101.46 3
9 77.78 132.67 3
6 50 101.17 3
10 60 123.3 3
8 75 132.63 3
14 71.43 101.43 3
8 50 48208.25 3
14 78.57 110.71 3
12 75 121.83 3
14 64.29 100.5 3
7 71.43 102.29 3
19 73.68 140 3
11 72.73 132.18 3
7 71.43 87.71 3
9 77.78 104.33 3
9 77.78 130.44 3
9 77.78 100.33 3
13 76.92 98.46 3
5 60 122.8 3
8 75 106 3
17 76.47 131.65 3
19 68.42 101.21 3
7 71.43 162.29 3
9 77.78 128.56 3
12 75 95.75 3
14 71.43 101.21 3
11 72.73 94.18 3
11 72.73 110.27 3
6 66.67 162.67 3
22 77.27 101.68 3
7 71.43 101.57 3
6 66.67 101.17 3
8 75 93.25 3
33 90.91 244948.33 3
42 97.62 192478.74 3
31 3.23 93418.42 3
21 0 96813.48 3
17 0 94711.24 3
16 0 94563.75 3
2 0 97057 3
35 77.14 102.17 3
47 100 16256411.17 3
73 95.89 20932704.64 3
105 98.1 7276670.06 3
112 94.64 6821913.8 3
219 97.72 3488874.72 3
41 97.56 98649.46 2
68 100 59519.24 2
76 98.68 53267.82 2
25 84 97.68 2
53 84.91 860.43 2
33 81.82 105.67 2
42 83.33 193.31 2
19 84.21 103.74 2
13 84.62 97.38 2
17 82.35 101.06 2
19 84.21 102.42 2
17 82.35 106 2
13 84.62 102.92 2
24 83.33 98.92 2
13 84.62 138.08 2
26 84.62 106.23 2
32 84.38 99.78 2
23 82.61 1840.74 2
21 80.95 96.24 2
36 83.33 103.31 2
25 80 1735.12 2
22 81.82 106.91 2
24 83.33 127.67 2
10 80 111 2
10 80 101 2
17 82.35 101.88 2
13 84.62 95 2
25 84 104.24 2
6 83.33 101.67 2
5 80 121.2 2
12 83.33 109.75 2
20 80 94.9 2
26 84.62 102.58 2
12 83.33 102.58 2
15 80 92.6 2
23 82.61 123.7 2
16 81.25 98.13 2
13 84.62 98.69 2
17 82.35 2482 2
11 81.82 118.64 2
12 83.33 128.83 2
16 81.25 96.63 2
12 83.33 99.08 2
11 81.82 140.55 2
13 84.62 109.31 2
11 81.82 104.73 2
18 83.33 130.89 2
18 83.33 119.83 2
18 83.33 101.17 2
21 80.95 125.14 2
6 83.33 128.83 2
33 84.85 101.52 2
10 80 181.5 2
6 83.33 94 2
17 82.35 114.41 2
13 84.62 136.08 2
24 83.33 100.63 2
21 80.95 138.9 2
5 80 102 2
13 84.62 109.08 2
16 81.25 101.06 2
18 83.33 98.83 2
13 84.62 93.46 2
11 81.82 101.55 2
12 83.33 101.92 2
15 80 96.47 2
26 84.62 100.69 2
16 81.25 103.31 2
5 80 101.8 2
22 81.82 101.09 2
13 84.62 103.15 2
6 83.33 101.83 2
7 85.71 101.57 1
18 88.89 101.89 1
8 87.5 100.63 1
15 86.67 98.87 1
32 87.5 103.72 1
34 85.29 102.76 1
65 86.15 96.98 1
53 88.68 855.92 1
234 94.02 17362 1
1387 96.68 14641.65 1
1124 95.28 21699 1
775 95.87 10509.45 1
519 95.76 15660.39 1
68 89.71 98.59 1
80 88.75 94.76 1
55 89.09 102.75 1
31 87.1 100.68 1
42 88.1 113.64 1
29 89.66 98.72 1
9 88.89 111.33 1
7 85.71 101 1
17 88.24 120 1
17 88.24 96.76 1
15 86.67 111.2 1
18 88.89 2523.44 1
7 85.71 102 1
7 85.71 108.14 1
22 86.36 107.45 1
16 87.5 101.69 1
16 87.5 101.63 1
23 86.96 100.7 1
49 89.8 120.39 1
176 94.89 23052.84 1
1130 96.99 10807.03 1
1157 95.25 14041.27 1
995 96.48 20380.54 1
995 96.38 12258.99 1
656 93.9 12406.03 1
123 89.43 95.58 1
116 98.28 34921.23 1
63 87.3 96.86 1
47 89.36 110.91 1
35 88.57 113.54 1
30 86.67 105.47 1
39 89.74 101.77 1
32 87.5 117.34 1
30 86.67 102.33 1
27 88.89 103.33 1
26 88.46 106.19 1
19 89.47 152.89 1
9 88.89 105 1
26 88.46 104.69 1
14 85.71 117.64 1
9 88.89 106.56 1
7 85.71 110 1
24 87.5 106.25 1
9 88.89 97.44 1
7 85.71 132.71 1
20 85 100.25 1
17 88.24 100.47 1
9 88.89 101.33 1
26 88.46 105.77 1
17 88.24 102.41 1
43 88.37 105.07 1
37 89.19 105.03 1
50 88 897.2 1
125 88.8 98.14 1
195 91.28 20817.1 1
1210 94.71 10090.89 1
68 89.71 101.66 1
56 87.5 106.36 1
27 85.19 245.56 1
605 97.52 215.27 0
605 95.21 151.41 0
605 95.21 154.2 0
605 96.03 155.91 0
605 93.88 85.44 0
605 95.21 157.27 0
605 96.03 448.53 0
605 96.36 94.08 0
605 96.03 151.86 0
605 96.03 182.82 0
605 97.19 149.57 0
606 96.2 91.89 0
606 96.2 284.41 0
606 96.86 86.53 0
606 96.04 87.14 0
606 95.71 286.95 0
606 96.37 216.8 0
606 97.03 217.18 0
606 94.55 123.57 0
606 94.39 91.2 0
606 94.88 221.31 0
607 96.71 86.39 0
607 96.21 88.53 0
607 95.55 154.32 0
607 96.54 154.49 0
607 96.54 149.47 0
607 96.05 153.31 0
607 95.55 281.66 0
607 95.39 217.47 0
607 95.72 346.14 0
607 95.55 147.7 0
607 96.38 82.97 0
607 94.89 87.04 0
607 95.22 94.54 0
607 96.05 257.45 0
607 96.38 84.18 0
607 96.21 82.15 0
607 94.89 83.91 0
607 95.55 288.89 0
608 96.38 157.69 0
608 97.04 96.94 0
608 95.07 150.02 0
608 95.56 214.94 0
608 97.2 156.37 0
608 95.39 158.59 0
608 96.38 149.64 0
608 95.07 88.69 0
608 96.38 82.33 0
608 96.88 87.83 0
608 95.56 152.43 0
608 96.05 82.77 0
608 96.55 153.01 0
608 95.23 158.19 0
609 97.04 87.68 0
609 96.22 92.91 0
609 96.88 91.22 0
609 96.55 152.02 0
609 96.22 81.11 0
609 95.57 83.07 0
609 96.72 85.23 0
609 95.24 217.22 0
609 94.91 84.86 0
609 95.24 156.3 0
609 93.76 123.61 0
609 96.06 217.25 0
609 95.89 155.77 0
609 96.22 151.11 0
609 95.89 217.62 0
610 97.38 150.66 0
610 97.05 90.74 0
610 95.57 157.1 0
610 97.05 149.29 0
41 78.05 102.54 3
58 93.1 139426.03 3
30 76.67 95.37 3
9 77.78 92.89 3
17 76.47 90.35 3
15 100 269436 3
30 100 134762.77 3
24 79.17 92 3
17 76.47 11441 3
18 72.22 10755.39 3
12 75 101.92 3
24 79.17 97.92 3
19 63.16 2207.63 3
9 77.78 93.11 3
9 77.78 101.33 3
17 76.47 87.12 3
23 78.26 99.52 3
23 73.91 100.09 3
13 76.92 144.54 3
14 78.57 107 3
9 77.78 96.22 3
9 77.78 92.89 3
8 75 93.63 3
15 73.33 101.33 3
11 63.64 103.91 3
14 78.57 98.21 3
4 75 82 3
8 75 100.75 3
21 76.19 2002.71 3
15 73.33 139.2 3
12 75 107.83 3
11 63.64 102.18 3
6 66.67 89.33 3
3 66.67 113 3
18 77.78 110.39 3
9 66.67 107 3
14 78.57 108.14 3
9 77.78 100.89 3
7 71.43 744.86 3
16 75 99.19 3
5 60 101.2 3
8 75 102.38 3
24 75 107.67 3
4 50 1306 3
11 63.64 155.91 3
9 77.78 85 3
8 75 88.63 3
9 77.78 94.78 3
16 75 96.25 3
13 92.31 310858.23 3
15 93.33 269425.8 3
20 100 202097.6 3
14 78.57 118.29 3
14 78.57 96.86 3
5 60 101 3
28 78.57 122.57 3
9 66.67 183.11 3
10 70 101.5 3
8 75 105.13 3
12 75 97.17 3
11 63.64 103.09 3
8 75 90 3
18 72.22 108.28 3
8 75 111.38 3
3 66.67 13408.33 3
8 75 116.75 3
5 60 101.4 3
12 66.67 103 3
12 75 89.33 3
9 77.78 122.89 3
9 77.78 114.56 3
9 77.78 95.89 3
4 75 99 3
10 70 103.8 3
11 72.73 95.91 3
12 75 109.25 3
12 66.67 99.25 3
9 77.78 104.56 3
13 76.92 101.69 3
2 50 102 3
4 75 100.5 3
6 50 100.5 3
12 75 105.33 3
2 50 100 3
12 75 104.33 3
9 77.78 93.78 3
12 66.67 98.25 3
8 75 85.63 3
12 75 88.42 3
3 66.67 114 3
6 66.67 89.33 3
8 62.5 93 3
7 71.43 115.57 3
19 78.95 93.42 3
11 72.73 109.73 3
10 70 93.1 3
19 78.95 101.53 3
14 78.57 103.14 3
16 75 128 3
9 77.78 100.67 3
13 69.23 100.69 3
14 78.57 96.36 3
17 76.47 103.59 3
8 75 101.25 3
7 71.43 89.29 3
9 77.78 101.44 3
9 77.78 94.56 3
8 75 92.5 3
16 75 95.88 3
14 78.57 94.21 3
13 76.92 101.31 3
16 75 101.75 3
22 77.27 94.41 3
9 77.78 100.22 3
18 66.67 102.22 3
3 66.67 77.67 3
22 77.27 101.09 3
62 98.39 130423.1 3
16 68.75 101.38 3
60 98.33 25468094.22 3
65 93.85 11754559.55 3
67 94.03 11403676.54 3
66 84.85 106.52 2
48 83.33 112.38 2
53 94.34 76324.87 2
33 81.82 100.61 2
26 84.62 97.08 2
27 81.48 98.26 2
24 83.33 171.79 2
26 84.62 92.92 2
33 84.85 100.55 2
22 81.82 98.32 2
20 85 104.55 2
24 83.33 109.46 2
37 83.78 95.22 2
20 80 98.75 2
12 83.33 118.83 2
21 80.95 92.62 2
31 83.87 95.94 2
20 80 99.25 2
13 84.62 101 2
26 84.62 100 2
13 84.62 99.31 2
20 85 104.1 2
18 83.33 90.83 2
17 82.35 9036.53 2
25 80 107.28 2
16 81.25 12168 2
25 84 103 2
11 81.82 6551.82 2
11 81.82 101.09 2
19 84.21 105.05 2
12 83.33 94.67 2
20 85 101 2
13 84.62 95.08 2
15 80 99.73 2
25 84 120.32 2
28 82.14 167.61 2
13 84.62 99.23 2
16 81.25 112.38 2
16 81.25 102.56 2
10 80 101.7 2
10 80 100.4 2
13 84.62 106.92 2
20 80 94.55 2
24 83.33 98.79 2
27 81.48 99.33 2
16 81.25 92.19 2
26 84.62 230.19 2
5 80 8122.4 2
18 83.33 96.83 2
10 80 121.6 2
24 83.33 98.33 2
11 81.82 115.45 2
20 80 109.95 2
13 84.62 95.23 2
11 81.82 94.64 2
6 83.33 95 2
12 83.33 102.08 2
12 83.33 106.58 2
15 80 98.73 2
16 81.25 97.88 2
16 81.25 96.5 2
12 83.33 101.5 2
13 84.62 95.92 2
15 80 217.13 2
18 83.33 107.83 2
10 80 103.8 2
11 81.82 101.82 2
18 83.33 98.61 2
13 84.62 110.77 2
13 84.62 117.23 2
10 80 188.9 2
13 84.62 108.38 2
19 84.21 101.68 2
11 81.82 498.27 2
13 84.62 102.85 2
19 84.21 106.16 2
30 80 108.1 2
20 85 98.05 2
11 81.82 92.09 2
12 83.33 99.83 2
18 83.33 97.78 2
18 83.33 2311 2
5 80 101.2 2
10 80 151.4 2
17 82.35 98.94 2
13 84.62 98.62 2
26 84.62 93.23 2
15 80 96.4 2
6 83.33 89.83 2
19 84.21 102.63 2
20 80 103.05 2
24 83.33 105.33 2
10 80 124.1 2
11 81.82 104.73 2
13 84.62 103.15 2
20 85 106.5 2
6 83.33 89.33 2
17 82.35 88.35 2
12 83.33 99.58 2
6 83.33 100.67 2
6 83.33 94 2
10 80 100.8 2
18 83.33 95.33 2
16 81.25 99.69 2
19 84.21 94.42 2
11 81.82 102.64 2
12 83.33 113.5 2
11 81.82 109 2
13 84.62 98.54 2
11 81.82 86.18 2
19 84.21 104.63 2
5 80 101.6 2
12 83.33 94.42 2
13 84.62 121.23 2
19 84.21 99.32 2
11 81.82 101.45 2
15 80 95 2
20 85 103.25 2
25 84 115.76 2
6 83.33 102.17 2
6 83.33 100.83 2
11 81.82 152 2
66 89.39 103.55 1
66 89.39 96.71 1
67 89.55 106.61 1
67 89.55 693.61 1
68 86.76 103.29 1
68 89.71 105.72 1
68 89.71 94.22 1
68 89.71 96.99 1
68 89.71 108.57 1
70 87.14 671.71 1
70 87.14 681.21 1
70 87.14 98.19 1
72 88.89 103.97 1
72 87.5 90.85 1
72 88.89 651 1
73 87.67 124.77 1
74 89.19 133.93 1
74 89.19 98.93 1
74 86.49 91.49 1
75 89.33 102.71 1
76 89.47 104.45 1
77 89.61 94.08 1
79 89.87 119.06 1
82 89.02 103.04 1
83 87.95 97.18 1
85 89.41 127.47 1
86 89.53 102.19 1
88 89.77 104.8 1
88 89.77 96.75 1
89 95.51 45485.3 1
90 87.78 97.73 1
92 91.3 44002.25 1
92 86.96 97.39 1
93 89.25 91.11 1
95 88.42 101.34 1
101 89.11 99.93 1
103 89.32 94.78 1
108 89.81 95.05 1
114 86.84 89.14 1
117 88.89 91.85 1
119 99.16 34043.24 1
119 89.92 92.18 1
125 88.8 92.64 1
126 89.68 96.38 1
126 88.89 109.13 1
126 88.89 741.5 1
136 89.71 125.4 1
147 89.8 675.14 1
180 96.67 22535.25 1
192 96.35 21140.68 1
192 96.35 21143.06 1
211 97.16 19241.63 1
211 97.63 19237.46 1
214 88.32 91.71 1
226 96.46 35854 1
252 95.63 32159.3 1
254 96.06 16003.98 1
258 94.57 15749.92 1
263 95.82 15460.89 1
263 93.16 30821.2 1
285 94.39 14269.39 1
296 96.28 13737.23 1
333 95.8 24365.62 1
337 95.25 12081.53 1
372 96.77 10946.38 1
388 95.88 10499.9 1
397 95.47 20453.4 1
439 94.76 36897.15 1
451 96.23 17999.72 1
465 96.56 17464.83 1
497 95.37 24467.41 1
533 96.06 15250.89 1
536 97.01 15164.69 1
577 96.71 14092.49 1
600 97.33 13556.06 1
628 96.02 12959.21 1
632 96.04 12880.66 1
639 95.15 12731.52 1
658 97.87 12370.49 1
663 95.93 18366.99 1
664 95.18 12251.37 1
670 96.12 18176.28 1
685 95.18 11877.13 1
713 97.62 11412.79 1
725 94.34 11228.24 1
735 95.65 16575.2 1
745 95.57 10927.76 1
779 95.12 10453.97 1
785 96.18 10378.3 1
785 96.05 10378.64 1
785 94.78 15532.21 1
801 97.75 10174.46 1
803 96.76 15171.22 1
878 94.31 13886.2 1
885 95.25 13774.26 1
964 94.19 12653.54 1
988 95.34 12345.09 1
995 96.18 12257.17 1
1019 96.57 11973.56 1
1019 97.55 11970.37 1
1037 95.47 15663.01 1
1041 95.87 11725.8 1
1048 95.71 11641.19 1
1059 95.28 11523.74 1
1086 94.75 11236.91 1
1088 94.49 11214.28 1
1089 96.24 11207.05 1
1108 96.39 14662.05 1
1112 96.22 14609.75 1
1127 96.01 14411.88 1
1127 94.59 14417.28 1
1143 96.68 10682.02 1
1144 94.76 10668.65 1
1175 96.51 10393.05 1
1176 94.47 13820.09 1
1205 95.52 10138.62 1
1210 95.7 10091.62 1
1258 96.03 16135.59 1
1264 97.15 16059.31 1
1284 96.65 18958.03 1
1293 95.44 12570.91 1
1410 94.54 11535.73 1
438 96.35 180.47 0
438 97.72 270.93 0
438 93.84 94.41 0
438 96.58 181.15 0
438 97.26 88.46 0
438 96.12 84.79 0
438 94.98 90.41 0
438 96.58 88.87 0
438 96.8 95.82 0
439 97.95 95.49 0
439 95.44 189.03 0
439 97.72 88.13 0
439 96.36 83.25 0
439 95.22 272.89 0
439 96.36 183.38 0
439 98.41 177.83 0
439 93.17 274.32 0
440 97.73 179.01 0
440 96.14 87.25 0
440 95 175.6 0
440 96.59 270.51 0
440 95.91 182.11 0
440 95.68 89.83 0
440 94.77 174.89 0
440 95.23 180.5 0
440 95 89.16 0
440 97.27 272.03 0
440 95.45 179.5 0
440 95.91 189.18 0
440 95.91 272.66 0
440 95.91 193.34 0
440 96.14 89.28 0
441 96.15 89.46 0
441 97.73 86.34 0
441 96.15 182.07 0
441 96.6 85.23 0
441 96.15 178.07 0
441 95.69 175.94 0
441 96.83 91.73 0
441 96.15 177.84 0
441 96.6 88.46 0
441 96.15 92.41 0
441 94.78 89.67 0
441 95.46 86.83 0
441 93.88 180.24 0
442 95.7 88.08 0
442 95.7 92.41 0
442 94.57 180.24 0
442 96.83 181.67 0
442 94.34 178.23 0
442 96.61 187.21 0
442 97.06 89.78 0
442 95.25 87.74 0
442 95.93 269.77 0
442 95.48 84.7 0
442 95.25 173.74 0
442 96.38 100.77 0
443 95.49 179.49 0
443 95.94 91.27 0
443 95.94 89.47 0
443 94.58 89.13 0
443 94.13 86.54 0
443 95.71 89.53 0
443 96.61 275.26 0
443 96.61 181.98 0
443 93.68 88.46 0
443 95.71 178.49 0
443 96.16 365.4 0
443 95.71 97.13 0
443 96.84 183.08 0
443 96.16 174.49 0
444 96.62 185 0
444 97.3 88.07 0
444 96.85 177.91 0
444 96.4 177.66 0
444 95.72 86.19 0
444 95.05 184.15 0
444 96.85 90.58 0
444 93.24 179.2 0
444 95.05 86.48 0
444 95.5 85.89 0
444 97.07 91.93 0
444 96.17 92.58 0
444 95.72 269.79 0
445 95.51 177.59 0
445 94.61 268.7 0
445 95.96 180.53 0
445 96.63 272.44 0
445 96.18 92.7 0
445 96.4 88.54 0
445 96.4 87.88 0
445 96.4 87.54 0
445 97.53 179.85 0
445 97.3 91.2 0
445 96.4 267.49 0
445 96.63 92.18 0
445 93.03 83.81 0
446 94.84 93.21 0
446 97.31 272.2 0
446 95.74 90.85 0
446 94.84 88.32 0
446 96.41 87.99 0
446 94.62 182.79 0
446 96.64 100.2 0
446 94.62 270.96 0
446 95.74 181.92 0
446 97.31 177.94 0
446 95.74 86.9 0
446 96.64 83.84 0
446 95.74 83.02 0
446 95.52 180.01 0
446 95.07 91.07 0
446 96.64 178.98 0
447 96.2 270.6 0
447 96.42 88.46 0
447 93.96 178.46 0
447 94.85 172.86 0
447 96.87 450.06 0
447 95.75 91.6 0
447 96.64 86.02 0
447 96.87 179.45 0
447 95.75 91.94 0
